58
HQ713542_Artic_200m_clone_WCA_III                         0.0000000 0.3707184 0.4846601 0.0926851 0.0947961 0.0493150 0.1034226 0.0916751 0.3994352 0.4325977 0.3318004 0.4782811 0.4095251 0.4369652 0.3349421 0.5085322 0.5827796 0.6002516 0.6076193 0.3888348 0.2443744 0.3486935 0.4105298 0.4587280 0.6988668 0.4661633 0.2850644 0.2922294 0.3539691 0.2670124 0.2110329 0.2533304 0.2889743 0.3956370 0.3804814 0.2224427 0.2432885 0.2736235 0.3303690 0.3303690 0.2581334 0.2917077 0.4053172 9.0000000 0.2852750 0.2175641 0.4764645 0.6029006 0.2471653 0.5303293 0.6865050 0.2021443 0.2148941 0.0926851 0.2485149 0.1107802 0.2374454 0.1107802 
JF272653_Artic_200m_clone_WCB_IV                          0.3707184 0.0000000 0.2220534 0.3802203 0.3839519 0.4074785 0.3865366 0.3530251 0.1632175 0.1831994 0.0923081 0.1956651 0.1269253 0.1781564 0.0257696 0.2164954 0.8010533 0.8148029 0.7079133 0.4072297 0.3716601 0.0850593 0.1890163 0.2046809 0.9760067 0.1888072 0.4673356 0.4817413 0.4415442 0.5259410 0.4476112 0.4304067 0.4659259 0.4520280 0.4162683 0.5021671 0.4032772 0.4599603 0.4710159 0.4710159 0.4307303 0.4459344 0.4446241 9.0000000 0.3709948 0.4192683 0.7012417 0.8167584 0.3716601 0.7056510 0.9003891 0.4283782 0.4231764 0.3802203 0.4006963 0.3746589 0.3920440 0.3746589 
GU360764_California_Current_200m_clone_WCB_I              0.4846601 0.2220534 0.0000000 0.5325065 0.5371465 0.4898051 0.5073603 0.5584692 0.2075902 0.2245942 0.1904325 0.0936229 0.2183025 0.1912324 0.1984136 0.0955395 0.7934457 0.8153163 0.7693362 0.4561399 0.6174652 0.1949553 0.1842339 0.0547372 1.0180077 0.1923183 0.5601700 0.5286794 0.4636538 0.5751883 0.4329605 0.6664911 0.5469809 0.5460597 0.4409480 0.6981972 0.5071247 0.5638105 0.4129368 0.4129368 0.4779505 0.5006458 0.4487620 9.0000000 0.6126201 0.5220032 0.7295197 0.8518718 0.6226361 0.6741130 1.0032351 0.4955173 0.5265627 0.5325065 0.6640086 0.5772651 0.6209983 0.5772651 
EU025141_ECS_clone_WCA_II                                 0.0926851 0.3802203 0.5325065 0.0000000 0.0016204 0.1063592 0.1099753 0.0836107 0.3922287 0.4979236 0.3413035 0.5431565 0.4145827 0.4464420 0.3574674 0.5997013 0.6161195 0.6259892 0.7007565 0.3755311 0.2371929 0.3702107 0.4491412 0.5557227 0.7206418 0.4828542 0.2996391 0.3039863 0.4023334 0.2871230 0.2516199 0.2346464 0.2790372 0.3524057 0.3542210 0.2679980 0.2468970 0.2689903 0.3943044 0.3943044 0.2984051 0.3225816 0.4290020 9.0000000 0.2741174 0.2495552 0.5137309 0.6510751 0.2399614 0.5143124 0.7079009 0.2297769 0.2467315 0.0000010 0.2554501 0.0914656 0.2386764 0.0914656 
KM595882_ECS_clone_WCA_II                                 0.0947961 0.3839519 0.5371465 0.0016204 0.0000000 0.1085861 0.1122024 0.0856707 0.3922287 0.5022794 0.3413035 0.5478129 0.4185233 0.4506039 0.3610115 0.6046831 0.6177198 0.6276856 0.7026944 0.3762798 0.2400494 0.3739300 0.4532247 0.5604319 0.7227225 0.4872878 0.2996391 0.3073735 0.4035530 0.2871230 0.2618150 0.2346464 0.2822643 0.3524057 0.3542210 0.2679980 0.2499863 0.2736465 0.4025332 0.4025332 0.3074047 0.3260442 0.4299517 9.0000000 0.2771254 0.2524767 0.5149689 0.6527979 0.2428256 0.5155423 0.7098334 0.2325983 0.2496449 0.0016204 0.2554501 0.0935901 0.2386764 0.0935901 
DQ148744_ETNP_200m_clone_WCA_II                           0.0493150 0.4074785 0.4898051 0.1063592 0.1085861 0.0000000 0.1027929 0.1019912 0.4030428 0.4389644 0.3424174 0.5036948 0.4278853 0.4467232 0.3763579 0.5365592 0.5837356 0.5539064 0.5753392 0.3784632 0.2540528 0.3805335 0.3850999 0.4864402 0.7384232 0.4389507 0.2668603 0.2725459 0.3447690 0.2440833 0.2366003 0.2657915 0.2794254 0.3735164 0.3734819 0.2238295 0.2471183 0.2693650 0.3857319 0.3857319 0.2822831 0.2990720 0.4071568 9.0000000 0.3095661 0.2301823 0.4617673 0.6216713 0.2569454 0.5049343 0.6460458 0.2099416 0.2330776 0.1063592 0.2499399 0.1209071 0.2429003 0.1209071 
DQ148759_ETNP_200m_clone_WCA_I                            0.1034226 0.3865366 0.5073603 0.1099753 0.1122024 0.1027929 0.0000000 0.0647237 0.3980162 0.4514646 0.3337815 0.4924838 0.3942053 0.4092994 0.3629616 0.5116388 0.5786726 0.5582930 0.6560857 0.3857676 0.2432178 0.3740262 0.4042442 0.4868197 0.6829153 0.4252184 0.2531337 0.2790828 0.3469964 0.3019192 0.2110686 0.2893068 0.2761614 0.3403062 0.4016677 0.2593717 0.2182438 0.2408855 0.3474088 0.3474088 0.2631620 0.2763253 0.4326963 9.0000000 0.2925170 0.2458269 0.5173840 0.6132536 0.2460499 0.5524803 0.6956531 0.2225743 0.2487011 0.1099753 0.2582681 0.0440150 0.2317856 0.0440150 
DQ148760_ETNP_200m_clone_WCA_I                            0.0916751 0.3530251 0.5584692 0.0836107 0.0856707 0.1019912 0.0647237 0.0000000 0.3761912 0.5086073 0.3313268 0.5370672 0.3759015 0.4180194 0.3381951 0.5812284 0.6268951 0.5914607 0.6993761 0.3820115 0.2362699 0.3501343 0.4110589 0.5534854 0.7196478 0.4697469 0.2570621 0.2849890 0.3672700 0.2990283 0.2570022 0.2481068 0.2842665 0.3414813 0.4010837 0.2396752 0.2134681 0.2656993 0.3716982 0.3716982 0.2894846 0.2754335 0.4085841 9.0000000 0.2648432 0.2621879 0.5312385 0.6422375 0.2390470 0.5857193 0.7110255 0.2302907 0.2593105 0.0836107 0.2500957 0.0397698 0.2265099 0.0397698 
DQ148753_ETNP_200m_clone_WCB_III                          0.3994352 0.1632175 0.2075902 0.3922287 0.3922287 0.4030428 0.3980162 0.3761912 0.0000000 0.1442221 0.1415881 0.1848814 0.1660411 0.0502484 0.1522262 0.1802673 0.7868889 0.7700130 0.7482812 0.3353960 0.4414051 0.1218640 0.0506616 0.1830739 0.8817491 0.0537897 0.4338039 0.4374787 0.3781570 0.4832224 0.2800011 0.4337831 0.4396486 0.4209750 0.4246423 0.5085820 0.3592590 0.4496902 0.3057270 0.3057270 0.2525850 0.3662847 0.3428415 9.0000000 0.4072824 0.3993793 0.5973044 0.8606166 0.4459659 0.6170836 0.7637759 0.3924350 0.4039155 0.3922287 0.4394820 0.4015338 0.4348670 0.4015338 
DQ148756_ETNP_200m_clone_WCB_II                           0.4325977 0.1831994 0.2245942 0.4979236 0.5022794 0.4389644 0.4514646 0.5086073 0.1442221 0.0000000 0.1417692 0.1887271 0.2278042 0.1532386 0.1878674 0.1960649 0.7780031 0.8244288 0.7880321 0.4205963 0.5196779 0.1902340 0.1545220 0.1949552 1.0600391 0.1691919 0.4979475 0.5638496 0.4614788 0.5182375 0.3950724 0.5310988 0.5753701 0.4494107 0.4482197 0.5706330 0.4249313 0.5911063 0.4883357 0.4883357 0.4429996 0.4439780 0.4031704 9.0000000 0.4555562 0.4295651 0.7005893 0.8770658 0.5240524 0.6963712 0.9659736 0.4339148 0.4335380 0.4979236 0.4664504 0.5252614 0.4859627 0.5252614 
DQ148750_ETNP_200m_clone_WCB_IV                           0.3318004 0.0923081 0.1904325 0.3413035 0.3413035 0.3424174 0.3337815 0.3313268 0.1415881 0.1417692 0.0000000 0.2017404 0.1218195 0.1543645 0.0780076 0.2156426 0.8297007 0.8074595 0.7613593 0.3094261 0.4238674 0.0866732 0.1394621 0.2002822 0.8749329 0.1598878 0.3972391 0.4286951 0.3877707 0.4021645 0.2512795 0.4543727 0.4032425 0.4421342 0.3685355 0.5091609 0.3700635 0.4769645 0.3534817 0.3534817 0.2295190 0.3977897 0.3317033 9.0000000 0.4206828 0.4005683 0.6482379 0.9014966 0.4282933 0.6386451 0.8405672 0.4182964 0.4050035 0.3413035 0.4271634 0.3642152 0.4291254 0.3642152 
DQ148769_ETNP_200m_clone_WCB_I                            0.4782811 0.1956651 0.0936229 0.5431565 0.5478129 0.5036948 0.4924838 0.5370672 0.1848814 0.1887271 0.2017404 0.0000000 0.2268314 0.1651362 0.1788804 0.0555372 0.7624180 0.8239791 0.7964352 0.4339620 0.5965639 0.1872509 0.1822822 0.0527576 1.0826909 0.1824319 0.5437598 0.5558838 0.4284034 0.6895226 0.4093479 0.6101526 0.5584710 0.5098903 0.5290443 0.6581788 0.4878207 0.5646600 0.4214893 0.4214893 0.4683442 0.5132095 0.4281118 9.0000000 0.5831726 0.5429582 0.7660193 0.7942629 0.6015120 0.7357947 0.9175277 0.5298748 0.5475806 0.5431565 0.6073874 0.5433208 0.5878274 0.5433208 
KF970629_Guaymas_Basin_hydrothermal_microbial_mat_WCB_IV  0.4095251 0.1269253 0.2183025 0.4145827 0.4185233 0.4278853 0.3942053 0.3759015 0.1660411 0.2278042 0.1218195 0.2268314 0.0000000 0.1634114 0.1054615 0.2596989 0.7985278 0.7030318 0.7670763 0.3908370 0.4582980 0.0900800 0.1827549 0.2206846 0.9843874 0.1721894 0.4513455 0.5490864 0.4428051 0.4095354 0.4652659 0.4723065 0.5199809 0.3692381 0.4390680 0.5492413 0.4190584 0.5375833 0.4643018 0.4643018 0.4758261 0.4469948 0.4096182 9.0000000 0.4342473 0.4630435 0.7114647 0.9086623 0.4623026 0.6871663 0.9708818 0.4777444 0.4671751 0.4145827 0.4671285 0.3828119 0.4863076 0.3828119 
KJ549565_Indian_ridge_hydrothermal_plume_clone_WCB_III    0.4369652 0.1781564 0.1912324 0.4464420 0.4506039 0.4467232 0.4092994 0.4180194 0.0502484 0.1532386 0.1543645 0.1651362 0.1634114 0.0000000 0.1759950 0.1716024 0.7465821 0.7420099 0.7713258 0.3846074 0.4808069 0.1420200 0.0791740 0.1744781 1.0280898 0.0400688 0.4802632 0.4853779 0.4310020 0.5422507 0.4115494 0.4520332 0.4972344 0.3903483 0.4886106 0.5424326 0.3750551 0.5263850 0.4327503 0.4327503 0.4174160 0.4224396 0.3657432 8.7574125 0.4603493 0.4156293 0.7156798 0.8125159 0.4850163 0.6705013 0.8363316 0.4201394 0.4195667 0.4464420 0.4505735 0.4775504 0.4617704 0.4775504 
KJ549559_Indian_ridge_hydrothermal_plume_clone_WCB_IV     0.3349421 0.0257696 0.1984136 0.3574674 0.3610115 0.3763579 0.3629616 0.3381951 0.1522262 0.1878674 0.0780076 0.1788804 0.1054615 0.1759950 0.0000000 0.2009403 0.7959818 0.7785532 0.7069666 0.3840089 0.3819000 0.0722694 0.1799682 0.1820970 0.9239343 0.1796179 0.4585040 0.4350739 0.4500686 0.4342045 0.4027648 0.4302400 0.4210992 0.4162698 0.3708597 0.4856576 0.3967717 0.4649220 0.4748455 0.4748455 0.4416958 0.4027449 0.4197764 9.0000000 0.3878073 0.3963625 0.6503517 0.8394102 0.3854817 0.6589936 0.9346828 0.4215995 0.4001267 0.3574674 0.4255418 0.3639633 0.4007173 0.3639633 
KJ549567_Indian_ridge_hydrothermal_plume_clone_WCB_I      0.5085322 0.2164954 0.0955395 0.5997013 0.6046831 0.5365592 0.5116388 0.5812284 0.1802673 0.1960649 0.2156426 0.0555372 0.2596989 0.1716024 0.2009403 0.0000000 0.7835477 0.8571223 0.7846629 0.4903654 0.6184228 0.2126483 0.1903750 0.0456913 1.0264755 0.1822412 0.5762792 0.5410307 0.4855193 0.6643003 0.3960973 0.6624275 0.5436226 0.5107114 0.5125718 0.6738232 0.4967305 0.5698730 0.4087107 0.4087107 0.4671502 0.5367717 0.4478079 9.0000000 0.5853569 0.5369903 0.7989219 0.8616120 0.6234833 0.7823168 0.9561837 0.5072968 0.5415869 0.5997013 0.6326436 0.5884968 0.5920160 0.5884968 
DQ148583_Marine_soil_clone                                0.5827796 0.8010533 0.7934457 0.6161195 0.6177198 0.5837356 0.5786726 0.6268951 0.7868889 0.7780031 0.8297007 0.7624180 0.7985278 0.7465821 0.7959818 0.7835477 0.0000000 0.3791294 0.4059351 0.7692901 0.6130468 0.7833741 0.7379701 0.7682961 0.5641122 0.7388102 0.6560457 0.6585138 0.5929332 0.5039323 0.7043447 0.5337766 0.6652463 0.6613056 0.7287921 0.6765240 0.6149116 0.7279043 0.8829187 0.8829187 0.7668937 0.6521996 0.7397531 7.7932259 0.6199051 0.6168894 0.4547637 0.0849316 0.6178963 0.5159401 0.2172350 0.5712004 0.6119931 0.6161195 0.5898192 0.6006676 0.7017508 0.6006676 
DQ148589_Marine_soil_clone                                0.6002516 0.8148029 0.8153163 0.6259892 0.6276856 0.5539064 0.5582930 0.5914607 0.7700130 0.8244288 0.8074595 0.8239791 0.7030318 0.7420099 0.7785532 0.8571223 0.3791294 0.0000000 0.3612661 0.7439426 0.6366334 0.7821396 0.8076982 0.8355275 0.4998225 0.7586297 0.5613574 0.6663818 0.6662276 0.5056399 0.5579520 0.5907256 0.6550623 0.6897135 0.7674044 0.5565539 0.5837537 0.6569145 0.7109680 0.7109680 0.5436740 0.5956844 0.7777260 8.5183954 0.6278848 0.6243591 0.3992384 0.3605371 0.6419119 0.4570975 0.5114034 0.5566632 0.6191618 0.6259892 0.6014574 0.5780023 0.5871425 0.5780023 
DQ148801_Marine_soil_clone                                0.6076193 0.7079133 0.7693362 0.7007565 0.7026944 0.5753392 0.6560857 0.6993761 0.7482812 0.7880321 0.7613593 0.7964352 0.7670763 0.7713258 0.7069666 0.7846629 0.4059351 0.3612661 0.0000000 0.7607463 0.5569644 0.7011398 0.7979851 0.7747364 0.5656592 0.8098151 0.5684007 0.6392303 0.5422383 0.5953494 0.6694767 0.5489261 0.6395760 0.7480231 0.6375653 0.5264164 0.6264327 0.5698570 0.7572902 0.7572902 0.5954705 0.5971116 0.7731609 8.7545214 0.5587803 0.5644706 0.3869525 0.4105391 0.5616235 0.3864951 0.4382147 0.5644642 0.5692582 0.7007565 0.4840222 0.6816921 0.6029642 0.6816921 
DQ148618_Mexico_sediment_clone                            0.3888348 0.4072297 0.4561399 0.3755311 0.3762798 0.3784632 0.3857676 0.3820115 0.3353960 0.4205963 0.3094261 0.4339620 0.3908370 0.3846074 0.3840089 0.4903654 0.7692901 0.7439426 0.7607463 0.0000000 0.3938388 0.3387765 0.3782776 0.4726359 0.9363617 0.4324993 0.3266655 0.4084920 0.1698405 0.4675941 0.2652542 0.3613377 0.3893976 0.3552261 0.2766382 0.3754234 0.2777437 0.3374964 0.3053459 0.3053459 0.2423785 0.3726827 0.0524281 8.3435236 0.3727018 0.2966031 0.5573150 0.8228954 0.3975458 0.6022436 0.8190120 0.3092454 0.2998769 0.3755311 0.3875493 0.3992766 0.3398658 0.3992766 
EU239959_Nitrosopumilus_maritimus_genome                  0.2443744 0.3716601 0.6174652 0.2371929 0.2400494 0.2540528 0.2432178 0.2362699 0.4414051 0.5196779 0.4238674 0.5965639 0.4582980 0.4808069 0.3819000 0.6184228 0.6130468 0.6366334 0.5569644 0.3938388 0.0000000 0.4130658 0.4807937 0.6125670 0.6085657 0.5235019 0.2347471 0.2917128 0.3663990 0.3406534 0.2173280 0.1102042 0.2767337 0.3616199 0.2578674 0.1179866 0.2065796 0.1732424 0.3221359 0.3221359 0.1796117 0.3256049 0.4299460 9.0000000 0.0821479 0.1407632 0.5278014 0.6378345 0.0016232 0.5764951 0.6813229 0.1366939 0.1384260 0.2371929 0.0527399 0.2484871 0.0704199 0.2484871 
LC140218_NWPO_ferromanganese_crust_clone_WCB_IV           0.3486935 0.0850593 0.1949553 0.3702107 0.3739300 0.3805335 0.3740262 0.3501343 0.1218640 0.1902340 0.0866732 0.1872509 0.0900800 0.1420200 0.0722694 0.2126483 0.7833741 0.7821396 0.7011398 0.3387765 0.4130658 0.0000000 0.1450661 0.1810619 1.0105843 0.1417889 0.4538789 0.5123743 0.3847683 0.4668346 0.4000945 0.4291734 0.5060258 0.4365772 0.3783551 0.5111511 0.3942377 0.5048749 0.4284408 0.4284408 0.4158164 0.4025217 0.3811461 9.0000000 0.4043731 0.4231998 0.6563063 0.8442899 0.4168249 0.6376614 0.8619918 0.4451419 0.4271160 0.3702107 0.4354824 0.3633968 0.4322620 0.3633968 
GU270243_Okhotsk_cold_seep_clone_WCB_III                  0.4105298 0.1890163 0.1842339 0.4491412 0.4532247 0.3850999 0.4042442 0.4110589 0.0506616 0.1545220 0.1394621 0.1822822 0.1827549 0.0791740 0.1799682 0.1903750 0.7379701 0.8076982 0.7979851 0.3782776 0.4807937 0.1450661 0.0000000 0.1762385 1.0381672 0.0751495 0.5018688 0.4736867 0.4005634 0.4910533 0.4476925 0.4314297 0.4919496 0.3973637 0.4129761 0.5564392 0.4205733 0.5222595 0.3998543 0.3998543 0.4497164 0.4486033 0.3962631 9.0000000 0.4543649 0.4189373 0.6894628 0.8145933 0.4849407 0.6891579 0.9041912 0.3965552 0.4228893 0.4491412 0.4529032 0.4473416 0.4440728 0.4473416 
GU270264_Okhotsk_cold_seep_clone_WCB_I                    0.4587280 0.2046809 0.0547372 0.5557227 0.5604319 0.4864402 0.4868197 0.5534854 0.1830739 0.1949552 0.2002822 0.0527576 0.2206846 0.1744781 0.1820970 0.0456913 0.7682961 0.8355275 0.7747364 0.4726359 0.6125670 0.1810619 0.1762385 0.0000000 0.9858798 0.1803545 0.5862911 0.5504218 0.4464103 0.6272681 0.4148585 0.6543796 0.5691960 0.4978824 0.4581928 0.6791950 0.4978740 0.5896054 0.4374629 0.4374629 0.4885494 0.5065340 0.4551523 8.9888706 0.5980427 0.5481805 0.7440437 0.8474731 0.6176265 0.7291924 0.9892199 0.4997075 0.5528419 0.5557227 0.6470440 0.5601338 0.5942061 0.5601338 
Nitrosocaldus_yellowstonii_strain_HL72                    0.6988668 0.9760067 1.0180077 0.7206418 0.7227225 0.7384232 0.6829153 0.7196478 0.8817491 1.0600391 0.8749329 1.0826909 0.9843874 1.0280898 0.9239343 1.0264755 0.5641122 0.4998225 0.5656592 0.9363617 0.6085657 1.0105843 1.0381672 0.9858798 0.0000000 1.0347254 0.6674926 0.6766416 0.7863069 0.7705875 0.9464489 0.5256746 0.6776001 0.8611539 0.7927878 0.6286074 0.7692209 0.7784509 0.7371642 0.7371642 0.7089583 0.7023542 0.9799046 9.0000000 0.6648584 0.6517432 0.6129035 0.5971374 0.6069478 0.6127361 0.6546859 0.5930029 0.6573037 0.7206418 0.5913024 0.7038437 0.5949158 0.7038437 
WNPO_4000m_clone_WCB_III_LC087898                         0.4661633 0.1888072 0.1923183 0.4828542 0.4872878 0.4389507 0.4252184 0.4697469 0.0537897 0.1691919 0.1598878 0.1824319 0.1721894 0.0400688 0.1796179 0.1822412 0.7388102 0.7586297 0.8098151 0.4324993 0.5235019 0.1417889 0.0751495 0.1803545 1.0347254 0.0000000 0.5376043 0.5336033 0.4679668 0.5571245 0.4712624 0.4847874 0.5539176 0.4381679 0.4773310 0.5205524 0.4451422 0.5176983 0.4634410 0.4634410 0.4676407 0.4601951 0.4181286 9.0000000 0.5224169 0.4626835 0.7248835 0.8174131 0.5235019 0.6779019 0.8407339 0.4534999 0.4669195 0.4828542 0.5027488 0.4839524 0.4948301 0.4839524 
EGM_Bin1                                                  0.2850644 0.4673356 0.5601700 0.2996391 0.2996391 0.2668603 0.2531337 0.2570621 0.4338039 0.4979475 0.3972391 0.5437598 0.4513455 0.4802632 0.4585040 0.5762792 0.6560457 0.5613574 0.5684007 0.3266655 0.2347471 0.4538789 0.5018688 0.5862911 0.6674926 0.5376043 0.0000000 0.1396419 0.2433693 0.1267123 0.0778372 0.2584823 0.1364154 0.3081469 0.3173760 0.1641901 0.1223391 0.1726925 0.1586823 0.1586823 0.0000010 0.1577579 0.3462170 8.9008045 0.2242440 0.2362345 0.4529371 0.6651188 0.2378054 0.4979615 0.6628193 0.2376173 0.2393418 0.2996391 0.2190202 0.2663642 0.1769981 0.2663642 
EGM_Bin2                                                  0.2922294 0.4817413 0.5286794 0.3039863 0.3073735 0.2725459 0.2790828 0.2849890 0.4374787 0.5638496 0.4286951 0.5558838 0.5490864 0.4853779 0.4350739 0.5410307 0.6585138 0.6663818 0.6392303 0.4084920 0.2917128 0.5123743 0.4736867 0.5504218 0.6766416 0.5336033 0.1396419 0.0000000 0.2807459 0.1790858 0.1467810 0.3251600 0.0203133 0.2843047 0.3433533 0.2047340 0.2151361 0.1921622 0.2012759 0.2012759 0.0986395 0.1441184 0.4156389 8.7779455 0.3004648 0.2850876 0.4489556 0.6756062 0.2949668 0.5022381 0.6730963 0.2635842 0.2882964 0.3039863 0.2971570 0.2896731 0.2423404 0.2896731 
F_Bin1                                                    0.3539691 0.4415442 0.4636538 0.4023334 0.4035530 0.3447690 0.3469964 0.3672700 0.3781570 0.4614788 0.3877707 0.4284034 0.4428051 0.4310020 0.4500686 0.4855193 0.5929332 0.6662276 0.5422383 0.1698405 0.3663990 0.3847683 0.4005634 0.4464103 0.7863069 0.4679668 0.2433693 0.2807459 0.0000000 0.2309546 0.2460198 0.2872074 0.2900303 0.2383341 0.2821369 0.2633156 0.2576872 0.2648363 0.2822448 0.2822448 0.2177393 0.2754524 0.1757363 8.8612543 0.3479370 0.2891417 0.4504442 0.5710207 0.3663990 0.4305769 0.7078379 0.2964685 0.2939628 0.4023334 0.3280416 0.3891958 0.3011361 0.3891958 
HM45_Bin2                                                 0.2670124 0.5259410 0.5751883 0.2871230 0.2871230 0.2440833 0.3019192 0.2990283 0.4832224 0.5182375 0.4021645 0.6895226 0.4095354 0.5422507 0.4342045 0.6643003 0.5039323 0.5056399 0.5953494 0.4675941 0.3406534 0.4668346 0.4910533 0.6272681 0.7705875 0.5571245 0.1267123 0.1790858 0.2309546 0.0000000 0.0000010 0.3157155 0.1649102 0.2568349 0.3682021 0.2858486 0.2453515 0.2388875 0.0000010 0.0000010 0.0000010 0.1961611 0.4683368 9.0000000 0.2889403 0.2981578 0.3986843 0.5525641 0.3482696 0.5208076 0.5574592 0.2444608 0.3056702 0.2871230 0.3056934 0.2919849 0.3062681 0.2919849 
HM58_Bin1                                                 0.2110329 0.4476112 0.4329605 0.2516199 0.2618150 0.2366003 0.2110686 0.2570022 0.2800011 0.3950724 0.2512795 0.4093479 0.4652659 0.4115494 0.4027648 0.3960973 0.7043447 0.5579520 0.6694767 0.2652542 0.2173280 0.4000945 0.4476925 0.4148585 0.9464489 0.4712624 0.0778372 0.1467810 0.2460198 0.0000010 0.0000000 0.0000010 0.1436465 0.0000010 0.1099521 0.0893357 0.0105753 0.1673935 0.1901207 0.1901207 0.0747613 0.1781214 0.2695805 6.2516029 0.2043911 0.1450023 0.5479932 0.6332150 0.2173280 0.5212421 0.8118360 0.1613461 0.1450023 0.2516199 0.1370603 0.2907055 0.0417846 0.2907055 
HM79_Bin1                                                 0.2533304 0.4304067 0.6664911 0.2346464 0.2346464 0.2657915 0.2893068 0.2481068 0.4337831 0.5310988 0.4543727 0.6101526 0.4723065 0.4520332 0.4302400 0.6624275 0.5337766 0.5907256 0.5489261 0.3613377 0.1102042 0.4291734 0.4314297 0.6543796 0.5256746 0.4847874 0.2584823 0.3251600 0.2872074 0.3157155 0.0000010 0.0000000 0.2956969 0.3036227 0.2946669 0.1368527 0.2291995 0.0900169 0.2175213 0.2175213 0.0000010 0.3135866 0.4276370 9.0000000 0.1045671 0.1440023 0.4786381 0.5767896 0.1064236 0.5665827 0.5001052 0.1395059 0.1400207 0.2346464 0.1041996 0.2582178 0.1104412 0.2582178 
HM81_Bin2                                                 0.2889743 0.4659259 0.5469809 0.2790372 0.2822643 0.2794254 0.2761614 0.2842665 0.4396486 0.5753701 0.4032425 0.5584710 0.5199809 0.4972344 0.4210992 0.5436226 0.6652463 0.6550623 0.6395760 0.3893976 0.2767337 0.5060258 0.4919496 0.5691960 0.6776001 0.5539176 0.1364154 0.0203133 0.2900303 0.1649102 0.1436465 0.2956969 0.0000000 0.2477031 0.3383762 0.2038756 0.2063838 0.1892545 0.2217698 0.2217698 0.0942538 0.1537015 0.3963020 8.9819821 0.2726907 0.2706186 0.4684092 0.6675936 0.2798869 0.5199669 0.6204478 0.2535326 0.2737247 0.2790372 0.2730804 0.2867912 0.2357780 0.2867912 
HM82_Bin1                                                 0.3956370 0.4520280 0.5460597 0.3524057 0.3524057 0.3735164 0.3403062 0.3414813 0.4209750 0.4494107 0.4421342 0.5098903 0.3692381 0.3903483 0.4162698 0.5107114 0.6613056 0.6897135 0.7480231 0.3552261 0.3616199 0.4365772 0.3973637 0.4978824 0.8611539 0.4381679 0.3081469 0.2843047 0.2383341 0.2568349 0.0000010 0.3036227 0.2477031 0.0000000 0.3275876 0.3710902 0.3266169 0.2461982 0.1752035 0.1752035 0.0000010 0.2970678 0.3557436 9.0000000 0.3271221 0.3206442 0.4843109 0.7973276 0.3674031 0.5600509 0.7047837 0.2888904 0.3262735 0.3524057 0.3439072 0.3274756 0.3291325 0.3274756 
HM82_Bin2                                                 0.3804814 0.4162683 0.4409480 0.3542210 0.3542210 0.3734819 0.4016677 0.4010837 0.4246423 0.4482197 0.3685355 0.5290443 0.4390680 0.4886106 0.3708597 0.5125718 0.7287921 0.7674044 0.6375653 0.2766382 0.2578674 0.3783551 0.4129761 0.4581928 0.7927878 0.4773310 0.3173760 0.3433533 0.2821369 0.3682021 0.1099521 0.2946669 0.3383762 0.3275876 0.0000000 0.3025879 0.2926733 0.3359161 0.2738107 0.2738107 0.1916292 0.4075654 0.3178539 8.7470046 0.3057570 0.2405539 0.6664083 0.7274097 0.2616852 0.6002146 0.7442799 0.2456726 0.2369241 0.3542210 0.3202773 0.4010741 0.3076581 0.4010741 
SB_Bin1                                                   0.2224427 0.5021671 0.6981972 0.2679980 0.2679980 0.2238295 0.2593717 0.2396752 0.5085820 0.5706330 0.5091609 0.6581788 0.5492413 0.5424326 0.4856576 0.6738232 0.6765240 0.5565539 0.5264164 0.3754234 0.1179866 0.5111511 0.5564392 0.6791950 0.6286074 0.5205524 0.1641901 0.2047340 0.2633156 0.2858486 0.0893357 0.1368527 0.2038756 0.3710902 0.3025879 0.0000000 0.1549125 0.0804289 0.2608885 0.2608885 0.1012727 0.2248079 0.3512996 9.0000000 0.1033028 0.1548541 0.4636430 0.7028881 0.1179866 0.4985944 0.6827180 0.1340630 0.1511817 0.2679980 0.1207408 0.2653384 0.0929072 0.2653384 
SB_Bin2                                                   0.2432885 0.4032772 0.5071247 0.2468970 0.2499863 0.2471183 0.2182438 0.2134681 0.3592590 0.4249313 0.3700635 0.4878207 0.4190584 0.3750551 0.3967717 0.4967305 0.6149116 0.5837537 0.6264327 0.2777437 0.2065796 0.3942377 0.4205733 0.4978740 0.7692209 0.4451422 0.1223391 0.2151361 0.2576872 0.2453515 0.0105753 0.2291995 0.2063838 0.3266169 0.2926733 0.1549125 0.0000000 0.1599968 0.2063655 0.2063655 0.0715011 0.1803253 0.2960895 8.9602612 0.1932818 0.1802726 0.5126198 0.6782909 0.2093105 0.5613375 0.6799152 0.1896159 0.1777316 0.2468970 0.1818189 0.2375538 0.1484425 0.2375538 
SMM_Bin1                                                  0.2736235 0.4599603 0.5638105 0.2689903 0.2736465 0.2693650 0.2408855 0.2656993 0.4496902 0.5911063 0.4769645 0.5646600 0.5375833 0.5263850 0.4649220 0.5698730 0.7279043 0.6569145 0.5698570 0.3374964 0.1732424 0.5048749 0.5222595 0.5896054 0.7784509 0.5176983 0.1726925 0.1921622 0.2648363 0.2388875 0.1673935 0.0900169 0.1892545 0.2461982 0.3359161 0.0804289 0.1599968 0.0000000 0.2601128 0.2601128 0.1474609 0.2270446 0.3428815 9.0000000 0.1775890 0.2093243 0.5054013 0.7062828 0.1732424 0.4933378 0.7552688 0.1946427 0.2053964 0.2689903 0.1372194 0.2566188 0.1117804 0.2566188 
XS83_Bin1                                                 0.3303690 0.4710159 0.4129368 0.3943044 0.4025332 0.3857319 0.3474088 0.3716982 0.3057270 0.4883357 0.3534817 0.4214893 0.4643018 0.4327503 0.4748455 0.4087107 0.8829187 0.7109680 0.7572902 0.3053459 0.3221359 0.4284408 0.3998543 0.4374629 0.7371642 0.4634410 0.1586823 0.2012759 0.2822448 0.0000010 0.1901207 0.2175213 0.2217698 0.1752035 0.2738107 0.2608885 0.2063655 0.2601128 0.0000000 0.0000010 0.1341730 0.1910178 0.3528396 8.1706151 0.2982470 0.2267990 0.6179165 0.8700950 0.3221359 0.6036644 1.0841305 0.2723007 0.2267990 0.3943044 0.2588974 0.3775170 0.1742431 0.3775170 
XS83_Bin2                                                 0.3303690 0.4710159 0.4129368 0.3943044 0.4025332 0.3857319 0.3474088 0.3716982 0.3057270 0.4883357 0.3534817 0.4214893 0.4643018 0.4327503 0.4748455 0.4087107 0.8829187 0.7109680 0.7572902 0.3053459 0.3221359 0.4284408 0.3998543 0.4374629 0.7371642 0.4634410 0.1586823 0.2012759 0.2822448 0.0000010 0.1901207 0.2175213 0.2217698 0.1752035 0.2738107 0.2608885 0.2063655 0.2601128 0.0000010 0.0000000 0.1341730 0.1910178 0.3528396 8.1706151 0.2982470 0.2267990 0.6179165 0.8700950 0.3221359 0.6036644 1.0841305 0.2723007 0.2267990 0.3943044 0.2588974 0.3775170 0.1742431 0.3775170 
XS87_Bin1                                                 0.2581334 0.4307303 0.4779505 0.2984051 0.3074047 0.2822831 0.2631620 0.2894846 0.2525850 0.4429996 0.2295190 0.4683442 0.4758261 0.4174160 0.4416958 0.4671502 0.7668937 0.5436740 0.5954705 0.2423785 0.1796117 0.4158164 0.4497164 0.4885494 0.7089583 0.4676407 0.0000010 0.0986395 0.2177393 0.0000010 0.0747613 0.0000010 0.0942538 0.0000010 0.1916292 0.1012727 0.0715011 0.1474609 0.1341730 0.1341730 0.0000000 0.1188265 0.2591376 6.3788770 0.2050812 0.1656255 0.5051830 0.7537186 0.1796117 0.4806296 0.9033712 0.1851618 0.1656255 0.2984051 0.1087430 0.3020129 0.0473259 0.3020129 
XS87_Bin2                                                 0.2917077 0.4459344 0.5006458 0.3225816 0.3260442 0.2990720 0.2763253 0.2754335 0.3662847 0.4439780 0.3977897 0.5132095 0.4469948 0.4224396 0.4027449 0.5367717 0.6521996 0.5956844 0.5971116 0.3726827 0.3256049 0.4025217 0.4486033 0.5065340 0.7023542 0.4601951 0.1577579 0.1441184 0.2754524 0.1961611 0.1781214 0.3135866 0.1537015 0.2970678 0.4075654 0.2248079 0.1803253 0.2270446 0.1910178 0.1910178 0.1188265 0.0000000 0.4081067 8.4675387 0.3025817 0.2932848 0.4281805 0.6781296 0.3289914 0.5092992 0.7336131 0.2795835 0.2965349 0.3225816 0.2982253 0.2919609 0.2469730 0.2919609 
KJ778483.1_Uncultured_archaeon_sediment                   0.4053172 0.4446241 0.4487620 0.4290020 0.4299517 0.4071568 0.4326963 0.4085841 0.3428415 0.4031704 0.3317033 0.4281118 0.4096182 0.3657432 0.4197764 0.4478079 0.7397531 0.7777260 0.7731609 0.0524281 0.4299460 0.3811461 0.3962631 0.4551523 0.9799046 0.4181286 0.3462170 0.4156389 0.1757363 0.4683368 0.2695805 0.4276370 0.3963020 0.3557436 0.3178539 0.3512996 0.2960895 0.3428815 0.3528396 0.3528396 0.2591376 0.4081067 0.0000000 8.6454705 0.3774921 0.3341571 0.6052558 0.8085233 0.4338113 0.6256923 0.7954081 0.3453825 0.3376240 0.4290020 0.3956483 0.4440513 0.3585044 0.4440513 
NC_011916.1_PmoA_Caulobacter_vibrioides_NA1000            9.0000000 9.0000000 9.0000000 9.0000000 9.0000000 9.0000000 9.0000000 9.0000000 9.0000000 9.0000000 9.0000000 9.0000000 9.0000000 8.7574125 9.0000000 9.0000000 7.7932259 8.5183954 8.7545214 8.3435236 9.0000000 9.0000000 9.0000000 8.9888706 9.0000000 9.0000000 8.9008045 8.7779455 8.8612543 9.0000000 6.2516029 9.0000000 8.9819821 9.0000000 8.7470046 9.0000000 8.9602612 9.0000000 8.1706151 8.1706151 6.3788770 8.4675387 8.6454705 0.0000000 9.0000000 8.9856718 8.9316717 7.5666051 9.0000000 8.9570698 8.0506429 9.0000000 8.8996300 9.0000000 9.0000000 9.0000000 9.0000000 9.0000000 
NZ_CP026995.1_Nitrosopumilus_ureiphilus                   0.2852750 0.3709948 0.6126201 0.2741174 0.2771254 0.3095661 0.2925170 0.2648432 0.4072824 0.4555562 0.4206828 0.5831726 0.4342473 0.4603493 0.3878073 0.5853569 0.6199051 0.6278848 0.5587803 0.3727018 0.0821479 0.4043731 0.4543649 0.5980427 0.6648584 0.5224169 0.2242440 0.3004648 0.3479370 0.2889403 0.2043911 0.1045671 0.2726907 0.3271221 0.3057570 0.1033028 0.1932818 0.1775890 0.2982470 0.2982470 0.2050812 0.3025817 0.3774921 9.0000000 0.0000000 0.1295268 0.4916712 0.6317824 0.0800947 0.5468721 0.6632414 0.1356118 0.1272605 0.2741174 0.0297262 0.2945717 0.0406481 0.2945717 
NZ_CP030847.1_Nitrosarchaeum_sp_AC2                       0.2175641 0.4192683 0.5220032 0.2495552 0.2524767 0.2301823 0.2458269 0.2621879 0.3993793 0.4295651 0.4005683 0.5429582 0.4630435 0.4156293 0.3963625 0.5369903 0.6168894 0.6243591 0.5644706 0.2966031 0.1407632 0.4231998 0.4189373 0.5481805 0.6517432 0.4626835 0.2362345 0.2850876 0.2891417 0.2981578 0.1450023 0.1440023 0.2706186 0.3206442 0.2405539 0.1548541 0.1802726 0.2093243 0.2267990 0.2267990 0.1656255 0.2932848 0.3341571 8.9856718 0.1295268 0.0000000 0.4831402 0.6611978 0.1431081 0.5398621 0.7137573 0.0592562 0.0016101 0.2495552 0.1285139 0.2908019 0.1111226 0.2908019 
NZ_LR216287.1_Candidatus_Nitrosocosmicus_franklandus      0.4764645 0.7012417 0.7295197 0.5137309 0.5149689 0.4617673 0.5173840 0.5312385 0.5973044 0.7005893 0.6482379 0.7660193 0.7114647 0.7156798 0.6503517 0.7989219 0.4547637 0.3992384 0.3869525 0.5573150 0.5278014 0.6563063 0.6894628 0.7440437 0.6129035 0.7248835 0.4529371 0.4489556 0.4504442 0.3986843 0.5479932 0.4786381 0.4684092 0.4843109 0.6664083 0.4636430 0.5126198 0.5054013 0.6179165 0.6179165 0.5051830 0.4281805 0.6052558 8.9316717 0.4916712 0.4831402 0.0000000 0.4343757 0.5322143 0.0933236 0.5106808 0.4442252 0.4873246 0.5137309 0.4346980 0.5140749 0.4944770 0.5140749 
NC_018719.1_Candidatus_Nitrososphaera_gargensis_Ga9.2     0.6029006 0.8167584 0.8518718 0.6510751 0.6527979 0.6216713 0.6132536 0.6422375 0.8606166 0.8770658 0.9014966 0.7942629 0.9086623 0.8125159 0.8394102 0.8616120 0.0849316 0.3605371 0.4105391 0.8228954 0.6378345 0.8442899 0.8145933 0.8474731 0.5971374 0.8174131 0.6651188 0.6756062 0.5710207 0.5525641 0.6332150 0.5767896 0.6675936 0.7973276 0.7274097 0.7028881 0.6782909 0.7062828 0.8700950 0.8700950 0.7537186 0.6781296 0.8085233 7.5666051 0.6317824 0.6611978 0.4343757 0.0000000 0.6429062 0.4384093 0.2088313 0.6021465 0.6559527 0.6510751 0.6264219 0.6315824 0.7327998 0.6315824 
NC_010085.1_Nitrosopumilus_maritimus_SCM1                 0.2471653 0.3716601 0.6226361 0.2399614 0.2428256 0.2569454 0.2460499 0.2390470 0.4459659 0.5240524 0.4282933 0.6015120 0.4623026 0.4850163 0.3854817 0.6234833 0.6178963 0.6419119 0.5616235 0.3975458 0.0016232 0.4168249 0.4849407 0.6176265 0.6069478 0.5235019 0.2378054 0.2949668 0.3663990 0.3482696 0.2173280 0.1064236 0.2798869 0.3674031 0.2616852 0.1179866 0.2093105 0.1732424 0.3221359 0.3221359 0.1796117 0.3289914 0.4338113 9.0000000 0.0800947 0.1431081 0.5322143 0.6429062 0.0000000 0.5716483 0.6867459 0.1389972 0.1407632 0.2399614 0.0506580 0.2513528 0.0679505 0.2513528 
NZ_CP012850.1_Candidatus_Nitrosocosmicus_oleophilus       0.5303293 0.7056510 0.6741130 0.5143124 0.5155423 0.5049343 0.5524803 0.5857193 0.6170836 0.6963712 0.6386451 0.7357947 0.6871663 0.6705013 0.6589936 0.7823168 0.5159401 0.4570975 0.3864951 0.6022436 0.5764951 0.6376614 0.6891579 0.7291924 0.6127361 0.6779019 0.4979615 0.5022381 0.4305769 0.5208076 0.5212421 0.5665827 0.5199669 0.5600509 0.6002146 0.4985944 0.5613375 0.4933378 0.6036644 0.6036644 0.4806296 0.5092992 0.6256923 8.9570698 0.5468721 0.5398621 0.0933236 0.4384093 0.5716483 0.0000000 0.5451966 0.5133066 0.5443937 0.5143124 0.4898446 0.5914105 0.5334939 0.5914105 
NZ_CP007174.1_Candidatus_Nitrososphaera_evergladensis_SR1 0.6865050 0.9003891 1.0032351 0.7079009 0.7098334 0.6460458 0.6956531 0.7110255 0.7637759 0.9659736 0.8405672 0.9175277 0.9708818 0.8363316 0.9346828 0.9561837 0.2172350 0.5114034 0.4382147 0.8190120 0.6813229 0.8619918 0.9041912 0.9892199 0.6546859 0.8407339 0.6628193 0.6730963 0.7078379 0.5574592 0.8118360 0.5001052 0.6204478 0.7047837 0.7442799 0.6827180 0.6799152 0.7552688 1.0841305 1.0841305 0.9033712 0.7336131 0.7954081 8.0506429 0.6632414 0.7137573 0.5106808 0.2088313 0.6867459 0.5451966 0.0000000 0.6533228 0.7080529 0.7079009 0.6169015 0.6978028 0.6691516 0.6978028 
Nitrosarchaeum_limnium_BG20                               0.2021443 0.4283782 0.4955173 0.2297769 0.2325983 0.2099416 0.2225743 0.2302907 0.3924350 0.4339148 0.4182964 0.5298748 0.4777444 0.4201394 0.4215995 0.5072968 0.5712004 0.5566632 0.5644642 0.3092454 0.1366939 0.4451419 0.3965552 0.4997075 0.5930029 0.4534999 0.2376173 0.2635842 0.2964685 0.2444608 0.1613461 0.1395059 0.2535326 0.2888904 0.2456726 0.1340630 0.1896159 0.1946427 0.2723007 0.2723007 0.1851618 0.2795835 0.3453825 9.0000000 0.1356118 0.0592562 0.4442252 0.6021465 0.1389972 0.5133066 0.6533228 0.0000000 0.0573523 0.2297769 0.1194880 0.2494713 0.1189620 0.2494713 
Candidatus_Nitrosoarchaeum_koreensis_MY1                  0.2148941 0.4231764 0.5265627 0.2467315 0.2496449 0.2330776 0.2487011 0.2593105 0.4039155 0.4335380 0.4050035 0.5475806 0.4671751 0.4195667 0.4001267 0.5415869 0.6119931 0.6191618 0.5692582 0.2998769 0.1384260 0.4271160 0.4228893 0.5528419 0.6573037 0.4669195 0.2393418 0.2882964 0.2939628 0.3056702 0.1450023 0.1400207 0.2737247 0.3262735 0.2369241 0.1511817 0.1777316 0.2053964 0.2267990 0.2267990 0.1656255 0.2965349 0.3376240 8.8996300 0.1272605 0.0016101 0.4873246 0.6559527 0.1407632 0.5443937 0.7080529 0.0573523 0.0000000 0.2467315 0.1260794 0.2877818 0.1084519 0.2877818 
Nitrosopelagicus_sp_REDSEA-S31_B2                         0.0926851 0.3802203 0.5325065 0.0000010 0.0016204 0.1063592 0.1099753 0.0836107 0.3922287 0.4979236 0.3413035 0.5431565 0.4145827 0.4464420 0.3574674 0.5997013 0.6161195 0.6259892 0.7007565 0.3755311 0.2371929 0.3702107 0.4491412 0.5557227 0.7206418 0.4828542 0.2996391 0.3039863 0.4023334 0.2871230 0.2516199 0.2346464 0.2790372 0.3524057 0.3542210 0.2679980 0.2468970 0.2689903 0.3943044 0.3943044 0.2984051 0.3225816 0.4290020 9.0000000 0.2741174 0.2495552 0.5137309 0.6510751 0.2399614 0.5143124 0.7079009 0.2297769 0.2467315 0.0000000 0.2554501 0.0914656 0.2386764 0.0914656 
Nitrosopumilus_salaria_BD31                               0.2485149 0.4006963 0.6640086 0.2554501 0.2554501 0.2499399 0.2582681 0.2500957 0.4394820 0.4664504 0.4271634 0.6073874 0.4671285 0.4505735 0.4255418 0.6326436 0.5898192 0.6014574 0.4840222 0.3875493 0.0527399 0.4354824 0.4529032 0.6470440 0.5913024 0.5027488 0.2190202 0.2971570 0.3280416 0.3056934 0.1370603 0.1041996 0.2730804 0.3439072 0.3202773 0.1207408 0.1818189 0.1372194 0.2588974 0.2588974 0.1087430 0.2982253 0.3956483 9.0000000 0.0297262 0.1285139 0.4346980 0.6264219 0.0506580 0.4898446 0.6169015 0.1194880 0.1260794 0.2554501 0.0000000 0.2680816 0.0501348 0.2680816 
Nitrosopelagicus_brevis_strain_CN25                       0.1107802 0.3746589 0.5772651 0.0914656 0.0935901 0.1209071 0.0440150 0.0397698 0.4015338 0.5252614 0.3642152 0.5433208 0.3828119 0.4775504 0.3639633 0.5884968 0.6006676 0.5780023 0.6816921 0.3992766 0.2484871 0.3633968 0.4473416 0.5601338 0.7038437 0.4839524 0.2663642 0.2896731 0.3891958 0.2919849 0.2907055 0.2582178 0.2867912 0.3274756 0.4010741 0.2653384 0.2375538 0.2566188 0.3775170 0.3775170 0.3020129 0.2919609 0.4440513 9.0000000 0.2945717 0.2908019 0.5140749 0.6315824 0.2513528 0.5914105 0.6978028 0.2494713 0.2877818 0.0914656 0.2680816 0.0000000 0.2228866 0.0000010 
Nitrosopumilus_sp_DDS1                                    0.2374454 0.3920440 0.6209983 0.2386764 0.2386764 0.2429003 0.2317856 0.2265099 0.4348670 0.4859627 0.4291254 0.5878274 0.4863076 0.4617704 0.4007173 0.5920160 0.7017508 0.5871425 0.6029642 0.3398658 0.0704199 0.4322620 0.4440728 0.5942061 0.5949158 0.4948301 0.1769981 0.2423404 0.3011361 0.3062681 0.0417846 0.1104412 0.2357780 0.3291325 0.3076581 0.0929072 0.1484425 0.1117804 0.1742431 0.1742431 0.0473259 0.2469730 0.3585044 9.0000000 0.0406481 0.1111226 0.4944770 0.7327998 0.0679505 0.5334939 0.6691516 0.1189620 0.1084519 0.2386764 0.0501348 0.2228866 0.0000000 0.2228866 
Nitrosopelagicus_brevis_strain_U25                        0.1107802 0.3746589 0.5772651 0.0914656 0.0935901 0.1209071 0.0440150 0.0397698 0.4015338 0.5252614 0.3642152 0.5433208 0.3828119 0.4775504 0.3639633 0.5884968 0.6006676 0.5780023 0.6816921 0.3992766 0.2484871 0.3633968 0.4473416 0.5601338 0.7038437 0.4839524 0.2663642 0.2896731 0.3891958 0.2919849 0.2907055 0.2582178 0.2867912 0.3274756 0.4010741 0.2653384 0.2375538 0.2566188 0.3775170 0.3775170 0.3020129 0.2919609 0.4440513 9.0000000 0.2945717 0.2908019 0.5140749 0.6315824 0.2513528 0.5914105 0.6978028 0.2494713 0.2877818 0.0914656 0.2680816 0.0000010 0.2228866 0.0000000 
