136
EGM_Bin1_000000001706_1                                       0.0000000 0.1379155 0.0000010 2.0780534 0.7371698 0.6895027 1.9547063 2.1215666 0.0603083 0.8368062 0.0139392 0.1369368 0.9749090 0.9875157 0.1737931 0.0583592 0.0499755 0.0583592 0.5016031 0.8563176 0.0501177 0.1358736 1.2374431 0.5910000 1.1278596 0.2751732 0.2751732 1.1278596 0.5910000 1.0418672 0.1217664 0.1373864 0.1401895 0.1239426 0.9159780 0.1330519 0.9381546 0.1330519 0.9381546 0.1378456 0.1397843 0.9415384 1.0258026 1.0553604 0.9399473 0.1737303 0.9477203 0.1357106 0.1356180 0.8530315 0.1441193 0.1226245 0.0612353 0.0754266 0.0429006 0.0578068 0.0255393 0.1069180 0.1192151 0.1537177 0.0860502 0.1545114 0.9091438 0.9286723 0.1463071 0.9628466 0.1621775 0.1376481 0.7980223 0.1713093 0.9447290 0.8988284 0.2143991 0.1693524 0.9601569 0.1780935 0.4506287 0.9359529 0.4399605 0.4408688 0.9084619 0.4595985 0.4480676 0.4737262 0.9477729 0.6838226 0.9286136 0.9405726 0.6955610 0.9710574 0.9126140 0.6896260 0.6892295 0.9395911 0.9274466 0.1563972 0.9019991 0.1359581 0.9335815 0.9077479 0.1519553 0.2242863 0.8833229 0.1617310 1.5046612 0.1358736 2.9900939 0.8050693 0.8237182 0.8148611 0.0705321 0.1577794 0.1436513 1.5220073 3.8283104 3.8341109 2.1262133 1.8245711 1.0886425 1.5410356 1.0877081 1.0219245 0.9495641 0.8718300 1.0459624 0.7919455 1.8090409 1.7154476 1.9075615 2.1664293 2.7623873 2.7678293 2.3056694 2.1578733 2.4775599 2.0240008 
EGM_Bin2_000000000652_2                                       0.1379155 0.0000000 0.1752408 2.4289668 0.8461085 0.7977263 1.9136777 1.6442297 0.1465864 0.9374873 0.1438563 0.0375890 1.0017932 1.2546194 0.0800750 0.0000010 0.1457273 0.0000010 0.4246117 0.9466027 0.1552173 0.1474429 1.1638962 0.6003348 1.2000780 0.2570505 0.2570505 1.2000780 0.6003348 1.0921526 0.1267800 0.0553363 0.1525417 0.0836544 0.9429031 0.0872989 0.9442717 0.0872989 0.9442717 0.1134887 0.1049655 0.9759719 1.0153279 1.1381279 0.9885276 0.0918127 0.9916682 0.1225869 0.1224921 0.6757512 0.1281643 0.2025747 0.1609611 0.1460752 0.1294043 0.1685129 0.1141366 0.1331663 0.1668772 0.1558892 0.1311913 0.0630670 0.9309986 0.9650686 0.0674286 0.9958088 0.0833242 0.0811637 0.7476501 0.0811928 0.9840879 0.9188453 0.0958663 0.0559760 1.0172915 0.0865780 0.4688302 0.9441761 0.4448281 0.4579214 0.9434400 0.4538540 0.4586272 0.4688714 0.9595898 0.6868701 0.9539737 0.9722306 0.7039131 1.0129724 0.9303596 0.6970342 0.6905984 0.9503096 0.9480453 0.1891030 0.9191373 0.1480434 0.9619425 0.9259721 0.1616586 0.2480003 0.9139483 0.1823883 1.6358385 0.1474429 2.7851663 0.7983866 0.8747807 0.8639393 0.1458574 0.2698850 0.1398794 1.3771851 4.4795156 4.1323979 2.2547251 1.8063726 1.1655865 1.5054960 1.1309216 0.9891660 1.1010479 0.9269194 0.9714118 0.7201176 1.7209400 1.8234911 1.9936633 2.1160914 2.7588644 2.7799916 2.1178152 2.0526879 2.5263505 2.2222702 
EGM_Bin2_000000001153_1                                       0.0000010 0.1752408 0.0000000 0.0000010 0.9986107 1.5417283 0.0000010 2.1215666 0.0838168 1.2222270 0.0000010 0.0000010 1.9496799 0.0000010 0.1031857 0.0583592 0.0427414 0.0583592 0.0000010 1.3403532 0.0709098 0.1578655 1.7147612 0.6999275 1.5084209 0.4263184 0.4263184 1.5084209 0.6999275 1.5448712 0.1141489 0.2089366 0.1578655 0.0863675 1.3380712 0.0856398 1.3337305 0.0856398 1.3337305 0.1065937 0.0836361 1.3893691 1.4853059 1.6972414 1.3106369 0.1109508 1.2290489 0.1145252 0.1142695 0.0000010 0.1141489 0.1574241 0.1007135 0.1252832 0.0596587 0.0592883 0.0000010 0.0876012 0.1107238 0.1694357 0.0997324 0.1248748 1.2353389 1.3399217 0.1117035 1.3861934 0.1395214 0.1109596 0.0000010 0.1384685 1.3563879 1.1923288 0.1605870 0.0000010 1.3525944 0.1241177 0.5445111 1.3033800 0.4928879 0.4974541 1.2139003 0.5483211 0.5092465 0.5822868 1.3425505 0.7495832 1.5052711 1.4104777 0.7485127 1.5311199 1.4346142 0.7282279 0.7282279 1.3722083 1.4070521 0.0727077 1.2666295 0.0971501 1.3611797 1.3171800 0.0864944 0.2650158 1.3064692 0.1287344 2.8783122 0.1578655 4.2178471 1.4459780 1.5999795 1.5715500 0.0231255 0.1577794 0.1421231 2.5474659 4.8728692 3.9709816 2.8917396 3.2762647 2.1355096 2.5222158 2.4180344 1.6139559 1.6566588 1.4011256 1.5195591 1.2228871 3.4417284 3.0409472 2.0465564 3.3243257 4.5450001 4.1329411 2.4615303 2.2048536 2.4256491 3.1450338 
F_Bin1_000000001998_1                                         2.0780534 2.4289668 0.0000010 0.0000000 2.5305309 2.2781543 1.3565398 0.0000010 2.1788852 0.0000010 2.0272421 2.0317193 1.8350350 1.8416686 2.2677634 0.0000010 1.9616464 0.0000010 2.0964097 0.0000010 2.0266650 2.1004823 2.6181382 2.2988796 1.6822874 2.0746631 2.0746631 1.6822874 2.2988796 1.7903690 1.4934787 2.1097885 2.1004823 2.2454684 1.6733321 2.2192775 1.6882613 2.2192775 1.6882613 2.3735349 2.3898090 1.7173797 1.8948247 1.8679605 1.7912777 2.3345418 1.8048185 2.1303785 2.1303785 1.9907173 2.1305290 0.0000010 1.9743479 2.1948619 1.9661687 1.9743479 2.0507630 2.1095452 2.2307949 2.0814187 2.5213321 2.2757113 1.7869652 1.8377386 2.2757113 1.8633183 2.3498516 2.3117605 1.8065900 2.2890824 1.8377386 1.7869652 0.0000010 2.2757113 1.7395143 2.3345418 1.8873347 1.7098105 1.8994221 1.9484412 1.7477548 1.9612734 1.9520869 1.8492571 1.7040299 2.3178358 1.6800187 1.7013961 2.3606902 1.6523263 1.6800187 2.3606902 2.3443233 1.6926771 1.6800187 2.2231569 1.7040862 2.1636390 1.8206041 1.7040862 2.2293205 9.0000000 1.8594339 2.1805742 1.2305967 2.1004823 2.7834169 2.3640790 2.2717972 2.0762663 2.2346241 0.0000010 2.9190594 2.8077795 5.1812560 5.0659529 1.7445193 2.3187402 2.1977105 2.3524410 1.6987693 1.5528796 1.6136918 1.9212759 1.8075267 2.0526294 1.0276724 1.0187502 1.1830066 0.4848345 1.8776004 1.6753566 1.9832766 1.3016184 1.4236027 1.5560825 
F_Bin1_000000000783_3                                         0.7371698 0.8461085 0.9986107 2.5305309 0.0000000 0.8312836 2.9623930 3.0749046 0.7314373 0.8429243 0.7684235 0.7084610 1.3338129 1.3901005 0.8218506 0.0000010 0.8114054 0.0000010 0.8324165 0.8429243 0.8114054 0.6775301 1.4135579 0.8870151 1.3355302 0.6665062 0.6665062 1.3355302 0.8870151 1.0286262 0.8503074 0.7670369 0.6775301 0.6491495 0.9849795 0.7158350 1.0158910 0.7158350 1.0158910 0.8287516 0.7734926 0.9691157 0.9270940 1.0388604 1.0184400 0.7231492 0.9343558 0.6306133 0.6306133 0.9937490 0.6811395 1.0507102 0.7315503 0.6476829 0.6361083 0.7643616 0.6054105 0.7276329 0.7032748 0.8484893 0.5964051 0.6816561 0.9649701 0.9884368 0.6816561 0.9884368 0.7301516 0.6879546 1.0500915 0.7033913 0.9884368 0.9649701 1.3506690 0.6441682 1.0425513 0.7231492 0.7253534 1.0514251 0.7001216 0.6042158 0.9500144 0.7759986 0.6929709 0.6955565 1.0700359 1.0646786 0.9267731 1.0042954 1.0923517 1.0042954 0.9267731 1.0923517 1.1217770 1.0266442 0.9267731 0.6864262 1.0072838 0.6605175 1.0005738 1.0072838 0.6921385 1.3581356 1.0170228 0.7589295 0.0000010 0.6775301 2.7967751 0.8114131 1.0530179 0.8295459 0.6833747 1.6457694 1.0950148 1.6419207 4.5163146 4.1774838 2.5991307 1.9762048 1.0782815 1.2079184 0.6735946 1.2436360 0.8369283 0.9303705 1.0024508 0.8549259 2.0940407 1.7387721 1.7791137 2.0398395 2.3306001 2.5474583 2.4553273 2.1676189 2.6113622 2.4728490 
F_Bin1_000000000675_1                                         0.6895027 0.7977263 1.5417283 2.2781543 0.8312836 0.0000000 1.8470124 1.5516087 0.7925316 1.0360501 0.6983083 0.5014072 1.0050656 1.1541926 0.8216508 0.0000010 0.6768100 0.0000010 0.2104900 1.0915196 0.7062277 0.7933240 1.6169297 1.1128522 1.4153808 0.7971509 0.7971509 1.4153808 1.1128522 1.0436438 1.0124619 0.7697060 0.7856943 0.7575020 0.9959638 0.8015853 1.0206991 0.8015853 1.0206991 0.7820590 0.7727008 1.0157527 0.9664007 1.0759751 1.1101856 0.8193276 1.0268969 0.8107665 0.8146925 0.7943495 0.8131771 1.2140307 0.5832643 0.7894815 0.7948051 0.7843116 0.5366423 0.8128414 0.8363350 0.8286522 0.8531821 0.7639141 0.9534816 0.9948195 0.7830219 0.9845305 0.7901861 0.8020678 0.7692499 0.7820241 0.9969072 0.9611954 0.8784213 0.5669479 1.1352569 0.8132808 0.8891332 1.0792503 0.8636383 0.8387280 1.0497521 0.8827832 0.8611639 0.8926705 1.0633153 1.2496349 1.0311518 1.0279237 1.2455433 1.0519959 1.0145759 1.2484053 1.2654504 1.0342051 0.9925237 0.8255354 0.9529715 0.7389926 0.9695660 0.9436275 0.7822103 0.9059976 0.9901194 0.7696313 1.7923136 0.7933240 2.8165708 0.7340616 0.8519005 0.8341030 0.8025773 1.6361794 0.9174221 1.5113963 4.8030584 3.9460093 2.1739201 1.9715645 1.2097871 1.3914657 0.9114716 0.7870489 0.8033809 0.7721965 0.9286177 0.7788720 1.7031816 1.7420569 2.0905056 2.1363406 2.6889442 2.5807737 2.7061649 2.3816008 2.2614073 2.2364573 
F_Bin1_000000000877_1                                         1.9547063 1.9136777 0.0000010 1.3565398 2.9623930 1.8470124 0.0000000 0.0000010 2.0749808 1.8996813 1.9302338 1.8556154 1.8617067 2.2056791 2.1139292 0.0000010 1.9775080 0.0000010 1.7942333 1.9149354 2.0099717 1.9782185 2.6230752 2.2094784 1.9252764 1.8801543 1.8801543 1.9252764 2.2094784 1.9275217 1.6984438 2.0512791 1.9782185 2.0883524 1.9737761 2.0472538 1.9725273 2.0472538 1.9725273 2.0946950 2.0766519 1.9120039 1.9126692 1.8523948 2.0170347 2.0827222 2.0013394 1.9709376 1.9709376 2.3402799 1.9749255 3.7500048 2.0021101 2.0952309 2.0040129 2.0021101 1.9431253 2.0657078 2.0194576 2.0810293 1.8542384 2.0538011 1.9904107 2.0089989 2.0478775 1.9897200 2.0608483 2.0490009 1.7490638 2.1204490 2.0173444 1.9904107 0.0000010 2.0780836 2.0457143 2.0827222 1.9601964 1.8814150 1.9416107 1.9275515 1.9058847 1.9184764 1.9300642 1.9789452 1.8900140 2.1864182 1.7841454 1.8640905 2.1022794 1.8841333 1.7841454 2.1022794 2.0824372 1.8599253 1.7878843 2.0022644 1.9393869 1.9294647 2.0317046 1.9393869 1.9610839 1.7764621 2.0085342 1.9611337 0.8699664 1.9782185 2.7254215 2.0461054 2.1210006 2.0152788 2.0626063 0.0000010 1.9531630 2.7313950 3.9255153 4.9248773 1.2744232 2.4869508 2.1021345 2.3694664 2.1193793 1.8239828 1.9531767 1.8659585 2.0016723 1.7914077 0.8463379 1.1402261 1.4091776 1.4103092 1.8369720 1.5930235 1.7834843 1.5380998 1.8250043 1.2393911 
F_Bin1_000000001013_3                                         2.1215666 1.6442297 2.1215666 0.0000010 3.0749046 1.5516087 0.0000010 0.0000000 1.6533434 1.6434831 2.1215666 0.0000010 1.7476908 0.0000010 1.5477949 0.0000010 2.3337457 0.0000010 0.0000010 1.6109873 2.3152946 1.8017855 2.2198945 1.9304892 2.0480421 1.8958966 1.8958966 2.0480421 1.9304892 1.5469723 2.0211096 1.6939939 1.8017855 1.6934775 1.6893122 1.6934775 1.7283264 1.6934775 1.7283264 1.6910644 1.7448447 1.6308584 1.3160041 1.7283251 1.8637893 1.5503419 1.6794329 1.9740975 2.0430191 0.0000010 2.0211096 1.6528650 9.0000000 1.6836169 1.7192007 1.6732453 9.0000000 1.7851604 1.6849470 1.7182367 1.7564377 1.7261387 1.9081948 1.7506825 1.7261387 1.8519231 1.6916178 1.7034098 9.0000000 1.7367710 1.8053918 1.9052431 1.2359243 9.0000000 1.7689984 1.6553122 1.8268291 1.5484369 1.7846062 1.9949501 1.4464850 1.8637458 1.8548299 1.8892553 1.5775034 2.0407604 2.1240585 2.2455342 2.2116622 2.3740133 2.0811992 2.2116622 2.2116622 2.2472658 2.1301751 1.7296577 1.9090321 1.6766996 2.0501262 1.9527444 1.6943037 1.3249413 1.7998288 1.7424599 3.6631874 1.8017855 3.8478560 1.5911541 1.8330221 2.0092563 1.6574494 1.6528650 1.7182367 2.1530409 8.9999988 3.4162480 2.7639162 2.6247017 2.5359476 2.4059164 2.0165666 1.0237346 1.8956354 1.8280728 1.4978433 1.2529219 2.1989892 2.1117763 2.1948968 2.9013189 2.9837669 3.0398246 2.5066438 2.1189081 2.0152258 2.9110657 
HM45_Bin1_000000000750_1                                      0.0603083 0.1465864 0.0838168 2.1788852 0.7314373 0.7925316 2.0749808 1.6533434 0.0000000 0.9645032 0.0692389 0.1406394 1.0120435 1.0934753 0.1864275 0.0000010 0.0675747 0.0000010 0.4680064 0.9544603 0.0710205 0.1466503 1.1591383 0.6341535 1.1733583 0.2699871 0.2699871 1.1733583 0.6341535 1.0682063 0.1538632 0.1313601 0.1510387 0.1311399 0.9118345 0.1560651 0.9340245 0.1560651 0.9340245 0.1591293 0.1494307 0.9584310 1.0440836 1.0908524 0.9447716 0.2087284 0.9616104 0.1626898 0.1625760 0.8765906 0.1713684 0.0687175 0.0796073 0.0138765 0.0811997 0.1035415 0.0552559 0.0857393 0.0978471 0.1623852 0.0621172 0.1773194 0.9313393 0.9405973 0.1733106 0.9579146 0.1948838 0.1608609 0.7657669 0.1906441 0.9568478 0.9208307 0.1790247 0.1962184 0.9685675 0.2020770 0.4582826 0.9854942 0.4334769 0.4305864 0.9466044 0.4493439 0.4440817 0.4677936 1.0022910 0.7506633 0.9489641 0.9491785 0.7699887 0.9787569 0.9289193 0.7639640 0.7634820 0.9309181 0.9439126 0.1970698 0.9036227 0.1663575 0.9475979 0.9094234 0.1828090 0.2458998 0.8834876 0.1964106 1.5587678 0.1466503 2.9839061 0.7637650 0.8435256 0.8084525 0.1050343 0.0788587 0.1616773 1.3742313 3.9478087 4.1542513 2.3889788 1.7918599 1.1450905 1.5685009 1.0688817 1.0053982 1.0070656 0.9323434 0.9981608 0.8303717 1.7714058 1.7902722 1.9475780 1.9924187 2.7141362 2.7318901 2.3961802 2.1762718 2.6038645 2.3014488 
HM79_Bin1_000000000035_1                                      0.8368062 0.9374873 1.2222270 0.0000010 0.8429243 1.0360501 1.8996813 1.6434831 0.9645032 0.0000000 0.8257173 0.5452515 0.4195127 0.0000010 0.9200211 0.0000010 0.8148606 0.0000010 0.7578517 0.0559982 0.8463469 1.0165950 1.4582022 1.0914314 1.3674743 0.9354284 0.9354284 1.3674743 1.0914314 0.5843674 0.9979594 0.9647554 1.0030110 0.9075414 0.2267326 0.9174438 0.2212846 0.9174438 0.2212846 0.9383023 0.8958093 0.2417786 0.5923286 0.5437353 0.1825155 0.9280633 0.1893547 0.9698448 0.9937079 0.0000010 0.9979594 1.1826196 0.6571124 0.9604829 0.9203268 0.9205247 0.7033079 0.8964746 0.9095845 1.0068081 0.8901496 0.8553301 0.0221866 0.0878070 0.8562501 0.0752061 0.8917081 0.9142295 0.0215034 0.8970070 0.0812105 0.0278054 0.9088938 0.6733309 0.1881978 0.9286771 1.0240638 0.4720867 1.0775331 1.0491198 0.4786547 1.0504021 1.0375135 1.0671532 0.4797785 1.0364208 0.2955245 0.4748832 1.0317319 0.4884719 0.2912013 1.0420547 1.0479727 0.4623486 0.3133614 0.9382940 0.2282651 0.9323845 0.2247702 0.2437138 0.9138143 0.9262811 0.2177792 0.9985143 2.4955989 1.0165950 3.0058152 1.0222992 1.1437975 1.0342453 0.9080111 1.3598813 1.0069875 1.6509270 3.9863667 3.5731865 2.4853242 1.9696405 1.5670757 1.5229363 1.4919333 1.4631925 1.2990101 1.2294301 1.1153392 1.1360328 1.4901793 1.5715444 1.8078130 1.7544169 2.8078957 2.3659541 2.0956856 2.1563733 2.1992923 2.4246485 
HM81_Bin1_000000000109_11                                     0.0139392 0.1438563 0.0000010 2.0272421 0.7684235 0.6983083 1.9302338 2.1215666 0.0692389 0.8257173 0.0000000 0.1373089 0.9603182 0.9813477 0.1795594 0.0583592 0.0500422 0.0583592 0.4959811 0.8447253 0.0501748 0.1391126 1.2724533 0.5918953 1.1385514 0.2751627 0.2751627 1.1385514 0.5918953 1.0206974 0.1281680 0.1472306 0.1434855 0.1286206 0.9082052 0.1377525 0.9302079 0.1377525 0.9302079 0.1432709 0.1547500 0.9335155 1.0049543 1.0339209 0.9318258 0.1788016 0.9394826 0.1404279 0.1403315 0.8447659 0.1489047 0.1402450 0.0613305 0.0833501 0.0503359 0.0578746 0.0256607 0.1070623 0.1276514 0.1504026 0.0909223 0.1593946 0.9014403 0.9207654 0.1511335 0.9546623 0.1671497 0.1423933 0.7841121 0.1763182 0.9366792 0.8912207 0.2143991 0.1707646 0.9518561 0.1832004 0.4481562 0.9148216 0.4374238 0.4488673 0.8875265 0.4677856 0.4455786 0.4872260 0.9264545 0.6768755 0.9082249 0.9198759 0.6885676 0.9499516 0.8924065 0.6826420 0.6822535 0.9189318 0.9070018 0.1613270 0.8817700 0.1406438 0.9256192 0.8874047 0.1568503 0.2295162 0.8758363 0.1667344 1.5300217 0.1391126 2.9903815 0.8172078 0.8411047 0.8294920 0.0671203 0.1577794 0.1385789 1.5528479 3.9180614 3.9326915 2.1375453 1.8568153 1.0807713 1.5409303 1.0819893 1.0150555 0.9308607 0.8623736 1.0268054 0.7944561 1.8473997 1.7513360 1.9131678 2.1445438 2.7411776 2.7991081 2.2968509 2.1354056 2.4339474 2.0404575 
HM81_Bin2_000000000762_1                                      0.1369368 0.0375890 0.0000010 2.0317193 0.7084610 0.5014072 1.8556154 0.0000010 0.1406394 0.5452515 0.1373089 0.0000000 0.8645566 1.1951713 0.0962145 0.0000010 0.1584921 0.0000010 0.4946813 0.5794777 0.1575443 0.0979476 1.2222589 0.6280954 1.0119505 0.1978696 0.1978696 1.0119505 0.6280954 0.7949418 0.0760503 0.0546747 0.0979476 0.1104027 0.8305369 0.0794610 0.8514573 0.0794610 0.8514573 0.1315268 0.1528987 0.8636962 0.7756198 0.8348521 0.8796293 0.1189462 0.9027310 0.0833231 0.0833231 0.8713299 0.0909129 0.0000010 0.1672288 0.1405069 0.1312164 0.1672288 0.1225689 0.1582452 0.1771822 0.1525152 0.0964764 0.0870623 0.8060416 0.7994651 0.0870623 0.8487757 0.1069003 0.1030683 0.8380329 0.0871504 0.8180240 0.8060416 0.0000010 0.0870623 0.8984379 0.1189462 0.4736099 0.8028922 0.5006610 0.4560994 0.8129319 0.4507121 0.4847910 0.4846898 0.7852968 0.7652501 0.7787826 0.8172729 0.8090070 0.8335374 0.7787826 0.8090070 0.7986794 0.8050383 0.8249641 0.1534497 0.8566871 0.1373837 0.8903364 0.8566871 0.1540905 0.1825335 0.8288201 0.1483548 1.4546366 0.0979476 2.8167647 0.6164494 0.6433058 0.6198593 0.1469479 0.0000010 0.1339662 1.3011306 3.9824422 3.9985172 1.8194347 1.6897749 0.7811879 1.2666716 0.7181593 0.9341254 0.7305886 0.7365522 0.8601067 0.5941960 1.6640230 1.4270191 1.7673534 1.6528207 2.1432600 2.3343015 2.0700016 2.1555923 2.2640423 1.7071618 
HM82_Bin1_000000000591_2                                      0.9749090 1.0017932 1.9496799 1.8350350 1.3338129 1.0050656 1.8617067 1.7476908 1.0120435 0.4195127 0.9603182 0.8645566 0.0000000 0.0673566 1.0530704 9.0000000 0.9604433 9.0000000 0.8531693 0.4332166 1.0097377 1.1124250 1.6242498 1.2868430 1.2604751 1.0153413 1.0153413 1.2604751 1.2868430 0.7554952 1.0542635 1.0492320 1.1041426 1.0061359 0.4069728 1.0441882 0.4187329 1.0441882 0.4187329 1.0352813 1.0049077 0.4340224 0.7433411 0.6586104 0.5356995 1.1008386 0.4811951 1.0797892 1.0861779 0.6594817 1.0898579 1.3794634 0.9269576 1.0461396 1.0227872 1.0479596 0.8084652 1.0158892 0.9990941 1.0808574 0.9935703 1.0398706 0.4329448 0.4310558 1.0460841 0.4278131 1.0608153 1.0279116 0.3493554 1.0744965 0.4162716 0.4267263 1.4919585 0.9426043 0.5391590 1.1039106 1.1226789 0.6080905 1.1370747 1.0582861 0.6127926 1.1393445 1.0816602 1.1279478 0.6119107 1.3209074 0.4733636 0.5674763 1.2993175 0.5800774 0.4795195 1.2927001 1.3002736 0.5707063 0.4965892 1.0715008 0.4236879 1.0207592 0.4294501 0.4175224 1.0364049 0.9628003 0.4105733 1.0401019 1.7683778 1.1124250 2.7069199 1.1164341 1.1118698 1.0807547 1.0370184 1.5968960 1.0305095 1.8538733 4.7449528 4.0762722 2.5849208 2.1777496 1.5417771 1.6672247 1.4785042 1.4316346 1.2561103 1.2407967 1.1702205 1.2332939 1.8070061 1.8078937 1.9474104 1.9690995 2.6565822 2.4301703 2.5835626 2.1161377 2.3467399 2.4269910 
SB_Bin1_000000000751_1                                        0.9875157 1.2546194 0.0000010 1.8416686 1.3901005 1.1541926 2.2056791 0.0000010 1.0934753 0.0000010 0.9813477 1.1951713 0.0673566 0.0000000 1.3238732 0.0000010 1.0190561 0.0000010 1.0385847 0.0000010 1.0880653 1.1461701 1.6401729 1.3792018 1.1543843 1.1434778 1.1434778 1.1543843 1.3792018 0.7543091 1.0734565 1.2624053 1.1461701 1.1493360 0.3322986 1.2242632 0.3479441 1.2242632 0.3479441 1.2262035 1.2203730 0.3492962 0.7495061 0.6824898 0.3813275 1.2784957 0.4737806 1.1468760 1.1468760 0.5017750 1.1506735 0.0000010 1.0513301 1.0880544 1.0496836 1.0513301 0.9682449 1.0952367 1.1071201 1.1180349 1.2422489 1.2549254 0.3812637 0.3710182 1.2549254 0.3679507 1.2701314 1.1611974 0.3696690 1.2608454 0.3669466 0.3812637 0.0000010 1.2549254 0.3841119 1.2784957 1.0021930 0.6094353 1.0072334 0.9677592 0.6343588 1.0417571 0.9956178 1.0041982 0.6010500 1.4655368 0.4454871 0.4914557 1.3961127 0.5113271 0.4454871 1.3961127 1.4198939 0.4781565 0.4454871 1.0899847 0.3719081 1.0402861 0.3208999 0.3719081 1.1008090 1.4542040 0.3570340 1.1357289 1.3525375 1.1461701 2.5190681 0.9998776 1.3302888 1.2212893 1.1065031 0.0000010 1.4171260 2.1331201 5.4921397 7.8463227 2.4724149 2.2388235 1.5710073 1.8830771 1.3354098 1.3881542 1.2311734 1.3219050 1.3785507 1.3721007 2.0618917 1.8616430 2.2977156 1.8544278 2.6308327 2.4315359 3.3894426 2.4985960 2.4428844 2.1769439 
SB_Bin2_000000000206_4                                        0.1737931 0.0800750 0.1031857 2.2677634 0.8218506 0.8216508 2.1139292 1.5477949 0.1864275 0.9200211 0.1795594 0.0962145 1.0530704 1.3238732 0.0000000 0.0000010 0.1817908 0.0000010 0.5952780 0.9287427 0.1873326 0.1926951 1.2687016 0.6868708 1.1794793 0.2804094 0.2804094 1.1794793 0.6868708 1.0719765 0.1071066 0.1315872 0.1883438 0.0729655 0.9741070 0.0612214 0.9658671 0.0612214 0.9658671 0.1056068 0.1105384 0.9814473 1.0387412 1.1288983 0.9758092 0.0696481 0.9725373 0.1367507 0.1366575 0.8206941 0.1412796 0.1738679 0.1923999 0.1858669 0.1378618 0.1717259 0.1779243 0.1935487 0.2103889 0.1991764 0.1453990 0.0615493 0.9514902 0.9880046 0.0579064 1.0197984 0.0693136 0.0809092 0.8778462 0.0658655 1.0046059 0.9408477 0.0952746 0.0677111 1.0017077 0.0700401 0.4671492 0.9524660 0.4613549 0.4508012 0.9731764 0.4605717 0.4518698 0.4836186 0.9646114 0.7635299 0.9499122 0.9785569 0.7696895 1.0097861 0.9336058 0.7636223 0.7663768 0.9646593 0.9487974 0.1537703 0.9616765 0.1290141 0.9984629 0.9677964 0.1404064 0.2847436 0.9466821 0.1420744 1.6292102 0.1926951 3.0845267 0.8647400 0.8759015 0.8223648 0.1494034 0.2046400 0.1606466 1.4087746 4.2507589 4.2458210 2.3882132 1.8793928 1.0808845 1.5492813 1.0977328 1.0825332 1.0970742 0.9723797 1.0169442 0.7580448 1.8274158 1.7871858 1.9996006 2.0333235 2.7102371 2.8823429 2.2618196 2.1158622 2.5536935 2.2722910 
XS83_Bin1_000000000441_4                                      0.0583592 0.0000010 0.0583592 0.0000010 0.0000010 0.0000010 0.0000010 0.0000010 0.0000010 0.0000010 0.0583592 0.0000010 9.0000000 0.0000010 0.0000010 0.0000000 0.0000010 0.0000010 0.0000010 0.0000010 0.1196337 0.1864170 2.0569328 0.5442341 1.4124461 0.4282912 0.4282912 1.4124461 0.5442341 1.5246916 0.2515948 0.0000010 0.1864170 0.0872084 1.2762643 0.0872084 1.3233558 0.0872084 1.3233558 0.0000010 0.0000010 1.3863376 1.5078165 1.5044147 1.3638592 0.1171872 1.2343035 0.2537685 0.1864266 0.0000010 0.2515948 0.2549082 0.0000010 0.2526560 0.1171872 0.0576550 0.0000010 0.1229593 0.1490829 0.1263277 0.1523523 0.1171872 1.3568197 1.3920209 0.1171872 1.5643865 0.0872084 0.0872084 0.0000010 0.1171872 1.4730417 1.2581910 0.0000010 0.0000010 1.3803029 0.1171872 0.3271508 1.0225412 0.2841483 0.2823906 1.0097958 0.2823906 0.2888503 0.3903066 1.0967766 0.5398198 1.2960344 1.0979126 0.4969581 1.3021234 1.2960344 0.4969581 0.4969581 1.2193020 1.1421043 0.0857295 1.2617267 0.0857295 1.3602058 1.2617267 0.1171872 0.2387984 1.4312241 0.1202529 0.0000010 0.1864170 3.8168494 1.1976473 1.1575012 1.3189484 0.0872084 0.2549082 0.1263277 7.9244559 0.0000010 0.0000010 0.0000010 6.0394262 2.5064389 2.4744841 5.5198288 0.0000010 0.0000010 0.0000010 3.4604170 0.0000010 0.0000010 0.0000010 0.0000010 4.3241840 7.4966221 3.6532245 0.0000010 0.0000010 2.4603405 0.0000010 
XS83_Bin2_000000000078_1                                      0.0499755 0.1457273 0.0427414 1.9616464 0.8114054 0.6768100 1.9775080 2.3337457 0.0675747 0.8148606 0.0500422 0.1584921 0.9604433 1.0190561 0.1817908 0.0000010 0.0000000 0.0000010 0.4649387 0.8342653 0.0080754 0.1408888 1.1475874 0.5977992 1.0880544 0.2544323 0.2544323 1.0880544 0.5977992 0.9790344 0.1066009 0.1285372 0.1459577 0.1499818 0.8913136 0.1470648 0.9098148 0.1470648 0.9098148 0.1420783 0.1556985 0.9320115 0.9791682 1.0051743 0.8961644 0.2127181 0.9089779 0.1401484 0.1401484 0.8376247 0.1452667 0.0835186 0.0183294 0.0584758 0.0500787 0.0287749 0.0526899 0.1062837 0.1262766 0.1479431 0.0874950 0.1833645 0.8577538 0.8757810 0.1734656 0.9017031 0.1926749 0.1622475 0.7933042 0.1844152 0.8843688 0.8577538 0.1817067 0.2051771 0.9099747 0.2125979 0.4818857 0.9105251 0.4684780 0.4699604 0.8919300 0.4902354 0.4814415 0.4842147 0.9188215 0.6922091 0.8982831 0.9412959 0.7115521 0.9438251 0.8896471 0.7180120 0.7175195 0.9177789 0.9262126 0.1973102 0.8831852 0.1659520 0.9205175 0.8897194 0.1913273 0.2235363 0.8326243 0.1810523 1.4941304 0.1408888 2.8428014 0.7372925 0.7666643 0.7514781 0.0977089 0.1327666 0.1544958 1.3263662 3.5903559 3.6310795 2.1133833 1.6066732 1.0137027 1.4639918 0.9311294 0.9816009 0.8856039 0.8249340 0.9872509 0.7673549 1.8207123 1.7305119 2.0261632 2.0252809 2.6060011 2.6047805 2.4230360 2.1838104 2.5010458 2.0269386 
XS83_Bin2_000000000424_4                                      0.0583592 0.0000010 0.0583592 0.0000010 0.0000010 0.0000010 0.0000010 0.0000010 0.0000010 0.0000010 0.0583592 0.0000010 9.0000000 0.0000010 0.0000010 0.0000010 0.0000010 0.0000000 0.0000010 0.0000010 0.1196337 0.1864170 2.0569328 0.5442341 1.4124461 0.4282912 0.4282912 1.4124461 0.5442341 1.5246916 0.2515948 0.0000010 0.1864170 0.0872084 1.2762643 0.0872084 1.3233558 0.0872084 1.3233558 0.0000010 0.0000010 1.3863376 1.5078165 1.5044147 1.3638592 0.1171872 1.2343035 0.2537685 0.1864266 0.0000010 0.2515948 0.2549082 0.0000010 0.2526560 0.1171872 0.0576550 0.0000010 0.1229593 0.1490829 0.1263277 0.1523523 0.1171872 1.3568197 1.3920209 0.1171872 1.5643865 0.0872084 0.0872084 0.0000010 0.1171872 1.4730417 1.2581910 0.0000010 0.0000010 1.3803029 0.1171872 0.3271508 1.0225412 0.2841483 0.2823906 1.0097958 0.2823906 0.2888503 0.3903066 1.0967766 0.5398198 1.2960344 1.0979126 0.4969581 1.3021234 1.2960344 0.4969581 0.4969581 1.2193020 1.1421043 0.0857295 1.2617267 0.0857295 1.3602058 1.2617267 0.1171872 0.2387984 1.4312241 0.1202529 0.0000010 0.1864170 3.8168494 1.1976473 1.1575012 1.3189484 0.0872084 0.2549082 0.1263277 7.9244559 0.0000010 0.0000010 0.0000010 6.0394262 2.5064389 2.4744841 5.5198288 0.0000010 0.0000010 0.0000010 3.4604170 0.0000010 0.0000010 0.0000010 0.0000010 4.3241840 7.4966221 3.6532245 0.0000010 0.0000010 2.4603405 0.0000010 
XS87_Bin1_000000001988_2                                      0.5016031 0.4246117 0.0000010 2.0964097 0.8324165 0.2104900 1.7942333 0.0000010 0.4680064 0.7578517 0.4959811 0.4946813 0.8531693 1.0385847 0.5952780 0.0000010 0.4649387 0.0000010 0.0000000 0.6898346 0.4919505 0.4515261 1.3729420 0.7635573 1.1063309 0.5039910 0.5039910 1.1063309 0.7635573 0.6373439 0.4771524 0.4789633 0.4515261 0.5170074 0.7701653 0.5399416 0.8120657 0.5399416 0.8120657 0.4942319 0.4921513 0.8247986 0.5934437 0.6146363 0.8126097 0.5539395 0.7679485 0.4881292 0.4881292 0.7844145 0.4895664 0.0000010 0.4610336 0.4597550 0.5150273 0.4610336 0.5045387 0.4523043 0.4437861 0.5432080 0.3867847 0.5332980 0.7591839 0.7204536 0.5332980 0.7688419 0.5318726 0.5532579 0.7339385 0.5225398 0.7383474 0.7591839 0.0000010 0.5332980 0.8310946 0.5539395 0.6151465 0.6360750 0.5804813 0.5411370 0.6298849 0.6374011 0.5814608 0.6151110 0.6256320 0.8433527 0.7378144 0.7737900 0.8571087 0.7897410 0.7378144 0.8571087 0.8829213 0.7679952 0.7514840 0.5168842 0.8051485 0.5113145 0.8383239 0.8051485 0.5352221 0.4631009 0.7687179 0.4499853 1.6058382 0.4515261 2.7372479 0.5731841 0.7222700 0.7090337 0.4797292 0.0000010 0.4750659 1.5040867 4.6674118 4.6468513 1.9555116 1.7322826 0.8211562 1.2534098 0.6287566 0.6438782 0.6962540 0.6080705 0.8543646 0.5546720 1.8348290 1.4473567 2.1716192 1.7270781 2.0856220 2.1289019 2.2637165 2.1794435 2.2939486 1.8202803 
XS87_Bin1_000000000258_1                                      0.8563176 0.9466027 1.3403532 0.0000010 0.8429243 1.0915196 1.9149354 1.6109873 0.9544603 0.0559982 0.8447253 0.5794777 0.4332166 0.0000010 0.9287427 0.0000010 0.8342653 0.0000010 0.6898346 0.0000000 0.8664654 1.0442575 1.4144837 1.0991026 1.4622859 0.9749777 0.9749777 1.4622859 1.0991026 0.6055184 1.0239538 0.9746138 1.0302550 0.8950164 0.2704093 0.9050714 0.2798240 0.9050714 0.2798240 0.9253733 0.8820117 0.2713413 0.6015032 0.5860861 0.1620802 0.9515584 0.2274712 0.9948439 1.0195203 0.0000010 1.0239538 1.1958041 0.6601979 0.9503622 0.9291033 0.9081463 0.7016563 0.9046456 0.9045170 0.9847593 0.8981307 0.8763694 0.0693254 0.1083777 0.8773338 0.0952143 0.9137827 0.9017339 0.0000010 0.9038866 0.1014251 0.0752975 0.9522323 0.7041876 0.1802380 0.9520511 1.0524190 0.4896136 1.0909255 1.1224401 0.5041120 1.1244901 1.0662520 1.0956429 0.4975689 1.0693593 0.3519384 0.5114671 1.0425991 0.5376192 0.3468305 1.0531746 1.0592667 0.4978244 0.3523643 0.9475954 0.2476068 0.9414353 0.2499011 0.2489872 0.9224344 0.9288598 0.2225372 0.9951859 2.4047089 1.0442575 2.9869637 1.0392319 1.1921729 1.0636019 0.8955411 1.3708835 0.9992276 1.6414904 3.9932946 3.6235230 2.5338854 1.9568141 1.5930231 1.6071883 1.5219845 1.4328149 1.3898235 1.2237045 1.1972000 1.2623972 1.4760000 1.5643508 1.9021004 1.7722040 2.7048719 2.4483995 2.1321485 2.1300072 2.2486610 2.4705310 
XS87_Bin2_000000000050_3                                      0.0501177 0.1552173 0.0709098 2.0266650 0.8114054 0.7062277 2.0099717 2.3152946 0.0710205 0.8463469 0.0501748 0.1575443 1.0097377 1.0880653 0.1873326 0.1196337 0.0080754 0.1196337 0.4919505 0.8664654 0.0000000 0.1489768 1.2641094 0.6058651 1.1355201 0.2669357 0.2669357 1.1355201 0.6058651 1.0800497 0.1335253 0.1365057 0.1533717 0.1485579 0.9771621 0.1460594 0.9870658 0.1460594 0.9870658 0.1490029 0.1686925 1.0122679 1.0632931 1.0960431 0.9864607 0.1929167 0.9816670 0.1457633 0.1375358 0.9098223 0.1543367 0.1171474 0.0277195 0.0769551 0.0466714 0.0502331 0.0524874 0.1142310 0.1148075 0.1610925 0.0904207 0.1645411 0.9409686 0.9741689 0.1561115 1.0092933 0.1724898 0.1590806 0.8154766 0.1733956 0.9907425 0.9303337 0.1817067 0.1897104 1.0073097 0.1974308 0.4798372 0.9471460 0.4615767 0.4518079 0.9235499 0.4688563 0.4735435 0.4919005 0.9636165 0.7060769 0.9648271 0.9901830 0.7170589 1.0157055 0.9569307 0.7226557 0.7222238 0.9891180 0.9723813 0.1704188 0.9452931 0.1489472 0.9865825 0.9513368 0.1658865 0.2299902 0.9260587 0.1674891 1.5335619 0.1489768 2.9968035 0.8141006 0.8648832 0.8441877 0.0909778 0.1676442 0.1697546 1.5134174 3.5967668 3.7061301 2.1670984 1.8683106 1.0724206 1.5721214 1.1113288 1.0380976 0.9212693 0.8611052 1.0597016 0.7859739 1.8421163 1.7324365 1.9769407 2.1438231 2.8168010 2.7164872 2.3890224 2.1718625 2.4631743 2.0626640 
AAA007-N19-contig8_21                                         0.1358736 0.1474429 0.1578655 2.1004823 0.6775301 0.7933240 1.9782185 1.8017855 0.1466503 1.0165950 0.1391126 0.0979476 1.1124250 1.1461701 0.1926951 0.1864170 0.1408888 0.1864170 0.4515261 1.0442575 0.1489768 0.0000000 1.3407866 0.6756269 1.2402757 0.3078445 0.3078445 1.2402757 0.6756269 1.1500076 0.1698418 0.1210568 0.0048345 0.1886805 1.0694138 0.1904028 1.0828025 0.1923290 1.0828025 0.1845995 0.1981385 1.0880576 1.1195234 1.1749431 1.0739609 0.1917104 1.0979118 0.1281159 0.1282731 1.0526908 0.1398610 0.1309777 0.1588465 0.1621437 0.1519303 0.1661387 0.1343119 0.1605979 0.1543286 0.1789412 0.1405114 0.1573884 1.0320486 1.0679042 0.1498414 1.1040310 0.1809866 0.1829552 0.8791450 0.1786239 1.0736213 1.0219650 0.2537238 0.1174942 1.0920601 0.1902414 0.5214732 1.0784959 0.5010057 0.4960416 1.0531393 0.5065427 0.5133454 0.5075238 1.0949543 0.7530458 1.0127108 1.0979958 0.7745142 1.1216601 0.9985192 0.7763636 0.7641414 1.1014157 1.0237089 0.2099457 1.0356447 0.1828523 1.0695046 1.0475095 0.2076812 0.2586680 1.0158964 0.2085009 1.3836379 0.0016011 3.0968650 0.8134222 0.9491345 0.9264064 0.1685415 0.1455001 0.1776295 1.5869489 4.2202080 4.3238027 2.4849746 2.0051748 1.2733574 1.6346036 1.2128710 1.0743212 1.0929296 0.9675524 1.0870566 0.8659058 1.8443246 1.8412235 2.0188741 2.2951181 2.9785780 2.9482409 2.4131603 2.1875750 2.5003203 2.3968773 
Acidianus_hospitalis_W1-contig1_1522                          1.2374431 1.1638962 1.7147612 2.6181382 1.4135579 1.6169297 2.6230752 2.2198945 1.1591383 1.4582022 1.2724533 1.2222589 1.6242498 1.6401729 1.2687016 2.0569328 1.1475874 2.0569328 1.3729420 1.4144837 1.2641094 1.3407866 0.0000000 1.4516681 1.6670307 1.3496910 1.3496910 1.6670307 1.4516681 1.6795340 1.3601443 1.1776235 1.3423811 1.3057912 1.4690190 1.3023935 1.4538972 1.2992458 1.4538972 1.1968609 1.1827222 1.4844287 1.6274017 1.6787197 1.5320449 1.3307420 1.5595397 1.3832991 1.3578015 1.9656990 1.3726078 1.3146171 1.2624398 1.2723519 1.2766693 1.3572579 1.1354315 1.2679839 1.3147287 1.3214677 1.1967773 1.2912452 1.4979648 1.5178288 1.3033435 1.5236764 1.3413065 1.2822048 1.3623604 1.2954579 1.4949172 1.4910969 1.2239636 1.3100972 1.5448777 1.3299163 1.4559411 1.7046195 1.4256309 1.4340212 1.6414073 1.4201577 1.4615255 1.4036752 1.7184843 1.6276071 1.5346283 1.5440708 1.6291750 1.5779177 1.5393308 1.6359891 1.6535985 1.4566454 1.5224800 1.3408694 1.5069969 1.3647471 1.5124319 1.5116392 1.3366571 1.2039936 1.4887528 1.3518167 2.0473842 1.3371918 3.1122716 1.6271156 1.4669660 1.4930306 1.3617263 2.0038129 1.3023142 2.0305159 4.8312958 4.3311126 2.9898367 2.5828033 1.7861054 1.8041017 1.8374238 1.3765359 1.4321358 1.3408715 1.5138267 1.5930458 2.3767845 2.6591263 2.2984181 2.9365403 3.2207241 3.4178993 3.3784186 2.7632824 3.2663618 2.9721417 
Candidatus_Nitrosocaldus_cavascurensis_strain-contig1_657     0.5910000 0.6003348 0.6999275 2.2988796 0.8870151 1.1128522 2.2094784 1.9304892 0.6341535 1.0914314 0.5918953 0.6280954 1.2868430 1.3792018 0.6868708 0.5442341 0.5977992 0.5442341 0.7635573 1.0991026 0.6058651 0.6756269 1.4516681 0.0000000 1.4224935 0.5555045 0.5555045 1.4224935 0.0000010 1.2866553 0.6692163 0.6523649 0.6774659 0.6723142 1.1184314 0.6682560 1.1295205 0.6656750 1.1295205 0.6180101 0.5966817 1.1360761 1.2175158 1.2994324 1.2340864 0.7124610 1.2545283 0.7186216 0.7083303 1.1190032 0.7144212 0.7214413 0.6369707 0.6784358 0.6434421 0.6588973 0.6144368 0.6649567 0.6896400 0.6967151 0.6849197 0.6854845 1.1178494 1.1348325 0.6875371 1.1466002 0.6901570 0.6688607 1.0375461 0.7088394 1.1390550 1.1191744 0.7096537 0.7209447 1.2550798 0.7128056 0.6931253 1.1677497 0.6769485 0.6665939 1.1438865 0.6118730 0.6803390 0.6830141 1.1692249 0.2479797 1.1893158 1.2474991 0.2630390 1.2534211 1.1800730 0.2646951 0.2719020 1.2196106 1.1970363 0.6814462 1.1436413 0.6813399 1.1783554 1.1375508 0.6753862 0.5953536 1.1151106 0.6971705 1.5772459 0.6737705 3.0353003 0.9163929 1.0974556 1.0342740 0.6883231 1.0008421 0.6676022 1.6087939 4.4507834 3.8804367 2.5300048 1.9614169 1.4156269 1.7538888 1.4626917 1.1938601 1.3820894 1.2309734 1.1037705 1.0042427 1.9082800 1.9254143 2.0789683 2.4313713 3.1363399 3.0437456 2.4225459 2.2636371 2.6775855 2.4616520 
Candidatus_Nitrosocaldus_cavascurensis_strain-contig1_1628    1.1278596 1.2000780 1.5084209 1.6822874 1.3355302 1.4153808 1.9252764 2.0480421 1.1733583 1.3674743 1.1385514 1.0119505 1.2604751 1.1543843 1.1794793 1.4124461 1.0880544 1.4124461 1.1063309 1.4622859 1.1355201 1.2402757 1.6670307 1.4224935 0.0000000 1.1929473 1.1929473 0.0000010 1.4224935 1.2088702 1.2631711 1.1891036 1.2305415 1.2316277 1.2017937 1.2283902 1.2315327 1.2253669 1.2315327 1.0806827 1.0780443 1.2286709 1.1902796 1.1673230 1.2635349 1.2232104 1.2759586 1.2699970 1.2522527 1.1508869 1.2837868 1.4210650 1.0772079 1.2293988 1.1990152 1.1914507 1.0312353 1.2191873 1.2320578 1.2260675 1.1758464 1.2603781 1.2460034 1.2345356 1.2551504 1.2223422 1.2206541 1.2202183 1.0847360 1.2092462 1.2139306 1.2289777 1.7678646 1.1439953 1.2714978 1.2165936 1.3861727 1.0797038 1.4000927 1.3263229 1.0575396 1.4262754 1.3453567 1.4037523 1.0947781 1.5197675 1.2202037 1.2956907 1.5077466 1.2882899 1.2245493 1.5004614 1.4966603 1.2486958 1.2259277 1.1952463 1.3300520 1.1926206 1.2917028 1.3428984 1.2021804 1.0542358 1.2987128 1.2054095 1.4382501 1.2369937 2.4027290 1.3458994 1.3073426 1.3336299 1.2036935 1.5995791 1.1183556 1.7639197 4.0717038 3.7572069 2.2274281 2.0198109 1.6416027 1.6343001 1.7449944 1.3802860 1.2622831 1.2803107 1.3404914 1.3007465 1.8608361 1.7462655 1.8909158 2.0490190 2.7152843 2.5940295 2.4601275 2.1924131 2.5126601 2.2296156 
Candidatus_Nitrosocaldus_cavascurensis_strain-contig1_1665    0.2751732 0.2570505 0.4263184 2.0746631 0.6665062 0.7971509 1.8801543 1.8958966 0.2699871 0.9354284 0.2751627 0.1978696 1.0153413 1.1434778 0.2804094 0.4282912 0.2544323 0.4282912 0.5039910 0.9749777 0.2669357 0.3078445 1.3496910 0.5555045 1.1929473 0.0000000 0.0000010 1.1929473 0.5555045 1.0934516 0.2622968 0.2938006 0.2998089 0.2721828 1.0414755 0.2796565 1.0225832 0.2775653 1.0225832 0.2726244 0.2640137 1.0381024 1.0497895 1.1409387 1.0724366 0.3222694 1.0108071 0.2709241 0.2661213 0.9817505 0.2760500 0.3940896 0.2808662 0.3048845 0.2993311 0.3296992 0.2542999 0.3302091 0.3344583 0.3374779 0.3432355 0.2898688 0.9833269 0.9995981 0.2785783 1.0376164 0.2960009 0.2897639 0.9485274 0.3046839 1.0106883 0.9778492 0.3026548 0.2805279 1.0737149 0.3263406 0.4719683 1.0207811 0.4736851 0.4433008 1.0678551 0.4541508 0.4620606 0.4696212 1.0206983 0.7101338 0.9920747 1.0689408 0.7077529 1.0549366 0.9787037 0.7128737 0.7105782 1.0798746 1.0042648 0.2974952 1.0124634 0.2871024 1.0700577 1.0225158 0.2927093 0.2635189 1.0011918 0.2957247 1.2526980 0.3069418 2.8030316 0.7647690 0.9086169 0.8275982 0.2971506 0.4993699 0.3096624 1.6564081 3.9957966 3.9470488 2.3935642 2.0859395 1.1114830 1.5398958 1.1305743 1.0222887 1.0411748 0.8858066 1.0237420 0.7752880 1.7885242 1.7837063 1.9149818 2.1383055 2.9483270 2.8930971 2.2579118 2.0463939 2.4821334 2.3431769 
Candidatus_Nitrosocaldus_islandicus_isolate_3F-contig1_204    0.2751732 0.2570505 0.4263184 2.0746631 0.6665062 0.7971509 1.8801543 1.8958966 0.2699871 0.9354284 0.2751627 0.1978696 1.0153413 1.1434778 0.2804094 0.4282912 0.2544323 0.4282912 0.5039910 0.9749777 0.2669357 0.3078445 1.3496910 0.5555045 1.1929473 0.0000010 0.0000000 1.1929473 0.5555045 1.0934516 0.2622968 0.2938006 0.2998089 0.2721828 1.0414755 0.2796565 1.0225832 0.2775653 1.0225832 0.2726244 0.2640137 1.0381024 1.0497895 1.1409387 1.0724366 0.3222694 1.0108071 0.2709241 0.2661213 0.9817505 0.2760500 0.3940896 0.2808662 0.3048845 0.2993311 0.3296992 0.2542999 0.3302091 0.3344583 0.3374779 0.3432355 0.2898688 0.9833269 0.9995981 0.2785783 1.0376164 0.2960009 0.2897639 0.9485274 0.3046839 1.0106883 0.9778492 0.3026548 0.2805279 1.0737149 0.3263406 0.4719683 1.0207811 0.4736851 0.4433008 1.0678551 0.4541508 0.4620606 0.4696212 1.0206983 0.7101338 0.9920747 1.0689408 0.7077529 1.0549366 0.9787037 0.7128737 0.7105782 1.0798746 1.0042648 0.2974952 1.0124634 0.2871024 1.0700577 1.0225158 0.2927093 0.2635189 1.0011918 0.2957247 1.2526980 0.3069418 2.8030316 0.7647690 0.9086169 0.8275982 0.2971506 0.4993699 0.3096624 1.6564081 3.9957966 3.9470488 2.3935642 2.0859395 1.1114830 1.5398958 1.1305743 1.0222887 1.0411748 0.8858066 1.0237420 0.7752880 1.7885242 1.7837063 1.9149818 2.1383055 2.9483270 2.8930971 2.2579118 2.0463939 2.4821334 2.3431769 
Candidatus_Nitrosocaldus_islandicus_isolate_3F-contig1_241    1.1278596 1.2000780 1.5084209 1.6822874 1.3355302 1.4153808 1.9252764 2.0480421 1.1733583 1.3674743 1.1385514 1.0119505 1.2604751 1.1543843 1.1794793 1.4124461 1.0880544 1.4124461 1.1063309 1.4622859 1.1355201 1.2402757 1.6670307 1.4224935 0.0000010 1.1929473 1.1929473 0.0000000 1.4224935 1.2088702 1.2631711 1.1891036 1.2305415 1.2316277 1.2017937 1.2283902 1.2315327 1.2253669 1.2315327 1.0806827 1.0780443 1.2286709 1.1902796 1.1673230 1.2635349 1.2232104 1.2759586 1.2699970 1.2522527 1.1508869 1.2837868 1.4210650 1.0772079 1.2293988 1.1990152 1.1914507 1.0312353 1.2191873 1.2320578 1.2260675 1.1758464 1.2603781 1.2460034 1.2345356 1.2551504 1.2223422 1.2206541 1.2202183 1.0847360 1.2092462 1.2139306 1.2289777 1.7678646 1.1439953 1.2714978 1.2165936 1.3861727 1.0797038 1.4000927 1.3263229 1.0575396 1.4262754 1.3453567 1.4037523 1.0947781 1.5197675 1.2202037 1.2956907 1.5077466 1.2882899 1.2245493 1.5004614 1.4966603 1.2486958 1.2259277 1.1952463 1.3300520 1.1926206 1.2917028 1.3428984 1.2021804 1.0542358 1.2987128 1.2054095 1.4382501 1.2369937 2.4027290 1.3458994 1.3073426 1.3336299 1.2036935 1.5995791 1.1183556 1.7639197 4.0717038 3.7572069 2.2274281 2.0198109 1.6416027 1.6343001 1.7449944 1.3802860 1.2622831 1.2803107 1.3404914 1.3007465 1.8608361 1.7462655 1.8909158 2.0490190 2.7152843 2.5940295 2.4601275 2.1924131 2.5126601 2.2296156 
